101_r_femur_unaffected.stl
101_r_patel_unaffected.stl

-100.634 42.0738 2542.14
1615.01 -19593 4790.05
-0.0901691 0.105505 0.990478
0.00686773

0.780958
12
6.73701

-52.6005 30.468 2554.79
-126.358 27.4273 2557.75

4

-1 0 0 0
-1 0 0 0
-1 0 0 0
-1 0 0 0

96

0.760243 -0.373457 0.531567 -739.164
0.256415 0.924318 0.282664 -333.543
-0.596897 -0.0785924 0.798464 1501.69
0 0 0 1

0.767449 -0.374813 0.520135 -724.201
0.259955 0.923546 0.281953 -332.533
-0.586046 -0.0811734 0.806207 1491.77
0 0 0 1

0.777782 -0.37318 0.505761 -705.238
0.261347 0.923826 0.279739 -329.676
-0.571626 -0.0853976 0.816063 1479.38
0 0 0 1

0.787797 -0.3719 0.490987 -685.804
0.265096 0.92426 0.274731 -323.097
-0.555971 -0.0862745 0.826717 1466.09
0 0 0 1

0.796375 -0.374102 0.475222 -665.253
0.269182 0.922875 0.275407 -323.863
-0.5416 -0.0914076 0.835656 1454.84
0 0 0 1

0.804827 -0.370602 0.463582 -649.888
0.26941 0.924102 0.271032 -318.281
-0.528842 -0.0932413 0.843587 1444.84
0 0 0 1

0.812694 -0.369417 0.450621 -632.898
0.271659 0.924368 0.267857 -314.138
-0.515492 -0.0952715 0.851585 1434.81
0 0 0 1

0.821364 -0.366774 0.43685 -614.794
0.27352 0.925321 0.262619 -307.353
-0.500549 -0.0962198 0.860347 1423.86
0 0 0 1

0.829527 -0.366001 0.421814 -595.108
0.275967 0.925291 0.260152 -304.117
-0.485518 -0.0993976 0.86856 1413.55
0 0 0 1

0.837369 -0.363568 0.408205 -577.229
0.275541 0.925679 0.259226 -303.039
-0.472114 -0.104592 0.875313 1404.95
0 0 0 1

0.843851 -0.363061 0.395097 -560.108
0.277467 0.925492 0.257834 -301.234
-0.45927 -0.107948 0.881716 1396.81
0 0 0 1

0.850359 -0.361751 0.382132 -543.151
0.278042 0.92545 0.257365 -300.687
-0.446747 -0.112604 0.887549 1389.29
0 0 0 1

0.85637 -0.363825 0.366417 -522.744
0.280831 0.923651 0.260775 -305.059
-0.433319 -0.120419 0.893162 1382.04
0 0 0 1

0.860183 -0.366249 0.354891 -507.895
0.284753 0.922228 0.261561 -305.989
-0.423088 -0.123933 0.897575 1376.19
0 0 0 1

0.863052 -0.368524 0.345445 -495.814
0.289715 0.921373 0.259112 -302.65
-0.413774 -0.123546 0.90196 1370.39
0 0 0 1

0.864704 -0.368973 0.340802 -489.967
0.293203 0.921705 0.253959 -295.906
-0.407824 -0.119676 0.905186 1365.91
0 0 0 1

0.866546 -0.368921 0.336149 -484.025
0.296623 0.922338 0.247605 -287.576
-0.401391 -0.114852 0.908679 1361.09
0 0 0 1

0.868738 -0.366047 0.333624 -480.756
0.298606 0.924527 0.236824 -273.605
-0.395134 -0.106117 0.912476 1355.91
0 0 0 1

0.869722 -0.364584 0.332661 -479.618
0.301219 0.926046 0.227392 -261.326
-0.390964 -0.097565 0.915222 1351.94
0 0 0 1

0.870864 -0.363687 0.330646 -477.101
0.306614 0.927725 0.212864 -242.312
-0.384166 -0.0839961 0.919436 1346.34
0 0 0 1

0.87192 -0.363874 0.327642 -473.304
0.312427 0.928663 0.199929 -225.303
-0.37702 -0.0719597 0.923406 1341.01
0 0 0 1

0.871174 -0.362774 0.33083 -477.534
0.31593 0.929996 0.187858 -209.519
-0.375823 -0.0591396 0.924803 1338.95
0 0 0 1

0.867346 -0.362543 0.340985 -490.9
0.317512 0.930651 0.181851 -201.69
-0.383269 -0.0494621 0.922313 1341.55
0 0 0 1

0.863526 -0.364562 0.348446 -500.866
0.322441 0.930394 0.174346 -191.76
-0.387754 -0.0381996 0.920973 1342.87
0 0 0 1

0.861855 -0.365283 0.35181 -505.406
0.327028 0.930499 0.164987 -179.422
-0.387629 -0.027144 0.921418 1342.16
0 0 0 1

0.862478 -0.359808 0.355903 -510.587
0.327681 0.932951 0.149098 -158.864
-0.385688 -0.0119718 0.922554 1340.74
0 0 0 1

0.862809 -0.354613 0.360293 -516.147
0.327388 0.935017 0.13626 -142.291
-0.3852 0.000387878 0.922837 1340.26
0 0 0 1

0.862921 -0.352215 0.362371 -518.787
0.330489 0.93582 0.122586 -124.437
-0.38229 0.013977 0.923942 1338.88
0 0 0 1

0.862441 -0.350891 0.36479 -521.935
0.335421 0.935946 0.107271 -104.387
-0.379064 0.0298426 0.924895 1337.77
0 0 0 1

0.862074 -0.349834 0.366666 -524.403
0.339719 0.93581 0.0941272 -87.162
-0.376058 0.0434177 0.925583 1336.95
0 0 0 1

0.860746 -0.349119 0.370446 -529.361
0.345461 0.935138 0.0786024 -66.8032
-0.373861 0.0603169 0.925526 1337.08
0 0 0 1

0.861548 -0.345507 0.371964 -531.217
0.349111 0.935158 0.0600234 -42.6078
-0.368585 0.078143 0.926308 1336.34
0 0 0 1

0.862028 -0.344181 0.372081 -531.333
0.35569 0.933761 0.0396874 -16.0042
-0.361096 0.0981327 0.927355 1335.38
0 0 0 1

0.863585 -0.342296 0.370204 -528.853
0.360927 0.932376 0.0201405 9.52187
-0.352065 0.116223 0.928735 1334.04
0 0 0 1

0.864821 -0.34051 0.368961 -527.189
0.366913 0.930252 -0.00150461 37.7715
-0.342717 0.136677 0.929446 1333.61
0 0 0 1

0.866214 -0.337663 0.368311 -526.238
0.372108 0.927866 -0.024491 67.7184
-0.333476 0.158265 0.929382 1334.17
0 0 0 1

0.86802 -0.33558 0.365956 -523.129
0.379055 0.923919 -0.0518628 103.403
-0.320712 0.183735 0.929188 1335.13
0 0 0 1

0.874517 -0.328841 0.356484 -510.442
0.384824 0.91784 -0.0973759 162.397
-0.295176 0.22234 0.929216 1336.8
0 0 0 1

0.884315 -0.329064 0.331214 -477.283
0.400321 0.899475 -0.175191 263.437
-0.240271 0.287516 0.927153 1343.38
0 0 0 1

0.898936 -0.32872 0.289583 -422.538
0.412367 0.858077 -0.306046 432.411
-0.147882 0.39453 0.90691 1376.11
0 0 0 1

0.916428 -0.316227 0.245272 -363.887
0.396207 0.803265 -0.444736 609.63
-0.0563828 0.504748 0.861428 1440.94
0 0 0 1

0.932935 -0.300181 0.198804 -302.642
0.359848 0.759141 -0.542422 733.146
0.0119023 0.577584 0.816249 1503.09
0 0 0 1

0.94106 -0.293425 0.168249 -262.656
0.332783 0.714214 -0.615761 825.909
0.0605116 0.63546 0.769765 1565.55
0 0 0 1

0.948132 -0.275135 0.159208 -250.266
0.305653 0.651506 -0.694352 925.029
0.0873136 0.707001 0.701809 1654.85
0 0 0 1

0.951903 -0.262142 0.158633 -249.046
0.289455 0.599544 -0.746172 990.332
0.100494 0.756202 0.646585 1727.08
0 0 0 1

0.954683 -0.249073 0.162927 -254.236
0.277516 0.547123 -0.789716 1045.2
0.107554 0.799144 0.59145 1798.61
0 0 0 1

0.956708 -0.233424 0.173849 -268.088
0.268952 0.480716 -0.834615 1102.03
0.111246 0.845242 0.522686 1887.46
0 0 0 1

0.956931 -0.227249 0.180669 -276.94
0.264656 0.427033 -0.864642 1140.28
0.119336 0.875219 0.468785 1957.03
0 0 0 1

0.95795 -0.227171 0.175286 -270.421
0.24819 0.349445 -0.903491 1189.92
0.143994 0.909004 0.391133 2057.5
0 0 0 1

0.958162 -0.227465 0.17374 -268.6
0.242198 0.320838 -0.915647 1205.67
0.152535 0.919419 0.362507 2094.45
0 0 0 1

0.958855 -0.225115 0.172974 -267.689
0.23518 0.288565 -0.92813 1221.68
0.159021 0.930624 0.329636 2136.81
0 0 0 1

0.959035 -0.222338 0.175547 -271.078
0.231252 0.256509 -0.938473 1235.11
0.163628 0.940626 0.297419 2178.27
0 0 0 1

0.958951 -0.22102 0.17766 -273.927
0.227995 0.228396 -0.946497 1245.7
0.168618 0.948152 0.269414 2214.32
0 0 0 1

0.959127 -0.217791 0.180671 -277.877
0.224615 0.197601 -0.954204 1255.81
0.172116 0.955787 0.238446 2254.13
0 0 0 1

0.958845 -0.214958 0.185496 -284.238
0.223423 0.168071 -0.960125 1263.77
0.175209 0.962057 0.209183 2291.73
0 0 0 1

0.958681 -0.212867 0.188731 -288.516
0.221476 0.142077 -0.964763 1270.14
0.178551 0.966702 0.183353 2324.94
0 0 0 1

0.958746 -0.210132 0.191444 -292.064
0.219104 0.11718 -0.968643 1275.54
0.181109 0.97063 0.158389 2357
0 0 0 1

0.958878 -0.20558 0.19568 -297.526
0.218182 0.0929604 -0.971474 1279.67
0.181524 0.97422 0.133993 2388.25
0 0 0 1

0.958059 -0.199873 0.205366 -310.006
0.223029 0.0700366 -0.972296 1281.55
0.179952 0.97732 0.111679 2416.75
0 0 0 1

0.956276 -0.19338 0.219409 -328.137
0.232178 0.0457561 -0.971601 1281.7
0.177848 0.980061 0.0886559 2446.15
0 0 0 1

0.954514 -0.18928 0.23038 -342.348
0.239249 0.0251053 -0.970638 1281.48
0.177938 0.981607 0.0692504 2470.99
0 0 0 1

0.952668 -0.186348 0.2402 -355.137
0.245383 0.00490733 -0.969418 1280.93
0.179469 0.982476 0.0504033 2495.25
0 0 0 1

0.950565 -0.184966 0.249427 -367.209
0.250229 -0.019379 -0.967997 1279.98
0.183879 0.982558 0.0278645 2524.42
0 0 0 1

0.948858 -0.181225 0.258504 -379.026
0.25549 -0.0402041 -0.965979 1278.38
0.185452 0.982623 0.00815489 2549.79
0 0 0 1

0.94772 -0.177029 0.265491 -388.1
0.259741 -0.0553386 -0.964095 1277.01
0.185364 0.982652 -0.00646207 2568.54
0 0 0 1

0.949013 -0.174044 0.262835 -384.564
0.25396 -0.0718488 -0.964547 1278.09
0.186757 0.982117 -0.0239834 2591.17
0 0 0 1

0.953334 -0.166839 0.251633 -369.704
0.240211 -0.0857644 -0.966928 1281.25
0.182902 0.98225 -0.0416836 2613.72
0 0 0 1

0.95881 -0.158007 0.236049 -349.043
0.223434 -0.0935936 -0.970219 1285.5
0.175393 0.982995 -0.0544324 2629.7
0 0 0 1

0.963712 -0.150078 0.22076 -328.855
0.208136 -0.0953689 -0.973442 1289.79
0.167145 0.984065 -0.0606698 2637.28
0 0 0 1

0.963776 -0.144794 0.223987 -332.997
0.212872 -0.0883729 -0.973078 1290.63
0.160689 0.985508 -0.0543475 2628.75
0 0 0 1

0.959985 -0.145423 0.239334 -353.24
0.229608 -0.0805915 -0.969943 1288.44
0.16034 0.986083 -0.0439747 2615.36
0 0 0 1

0.955336 -0.150707 0.254205 -373.029
0.243988 -0.0831079 -0.966213 1285.09
0.166741 0.98508 -0.0426234 2613.98
0 0 0 1

0.950794 -0.157625 0.266732 -389.794
0.255243 -0.08949 -0.962729 1281.77
0.175619 0.983438 -0.0448518 2617.38
0 0 0 1

0.946382 -0.164005 0.278328 -405.344
0.26525 -0.0973165 -0.959259 1278.34
0.184408 0.981651 -0.0485943 2622.73
0 0 0 1

0.942613 -0.171458 0.286507 -416.459
0.271209 -0.107336 -0.95652 1275.55
0.194755 0.979331 -0.0546735 2631.21
0 0 0 1

0.940539 -0.175836 0.290642 -422.163
0.273294 -0.116458 -0.954859 1273.95
0.201745 0.97751 -0.0614768 2640.41
0 0 0 1

0.939404 -0.180599 0.291386 -423.442
0.272109 -0.124177 -0.954224 1273.51
0.208515 0.975689 -0.0675084 2648.62
0 0 0 1

0.938679 -0.184455 0.291307 -423.596
0.269721 -0.133485 -0.953645 1273.03
0.214789 0.973735 -0.0755462 2659.42
0 0 0 1

0.937984 -0.188159 0.291176 -423.663
0.267028 -0.143531 -0.952943 1272.36
0.221097 0.971594 -0.0843849 2671.23
0 0 0 1

0.937649 -0.191756 0.289907 -422.232
0.263831 -0.150378 -0.952777 1272.4
0.226296 0.969853 -0.0904092 2679.37
0 0 0 1

0.938128 -0.193818 0.28697 -418.558
0.258697 -0.158639 -0.952844 1272.62
0.230202 0.968125 -0.0986823 2690.36
0 0 0 1

0.938743 -0.195135 0.284051 -414.875
0.253452 -0.16756 -0.952727 1272.54
0.233505 0.966355 -0.107837 2702.42
0 0 0 1

0.939417 -0.195777 0.281366 -411.441
0.248071 -0.178166 -0.952218 1271.9
0.236552 0.964324 -0.118805 2716.84
0 0 0 1

0.939705 -0.197807 0.278976 -408.448
0.243283 -0.186663 -0.951826 1271.49
0.240352 0.962301 -0.127285 2728.08
0 0 0 1

0.939399 -0.200547 0.278046 -407.398
0.240052 -0.19424 -0.951129 1270.76
0.244753 0.960231 -0.134327 2737.5
0 0 0 1

0.938937 -0.203592 0.277394 -406.755
0.236802 -0.202565 -0.950207 1269.72
0.249645 0.957868 -0.141984 2747.75
0 0 0 1

0.93843 -0.20589 0.277413 -406.946
0.233797 -0.212692 -0.948737 1267.95
0.254339 0.955177 -0.15146 2760.32
0 0 0 1

0.938303 -0.207798 0.276419 -405.782
0.229424 -0.224034 -0.947193 1265.97
0.258752 0.952167 -0.162538 2774.94
0 0 0 1

0.938458 -0.209384 0.27469 -403.644
0.22456 -0.234389 -0.945851 1264.21
0.262431 0.949321 -0.172945 2788.67
0 0 0 1

0.937793 -0.21198 0.274972 -404.169
0.222078 -0.24255 -0.944378 1262.48
0.266884 0.94669 -0.180386 2798.63
0 0 0 1

0.937796 -0.213212 0.274007 -403.01
0.217866 -0.253098 -0.942589 1260.2
0.270322 0.943647 -0.190903 2812.51
0 0 0 1

0.938974 -0.213538 0.269681 -397.43
0.210352 -0.263875 -0.941339 1258.36
0.272175 0.940616 -0.202855 2828.11
0 0 0 1

0.939047 -0.214456 0.268702 -396.227
0.205846 -0.275269 -0.93907 1255.4
0.275355 0.937137 -0.214346 2843.22
0 0 0 1

0.939105 -0.215177 0.267922 -395.28
0.201279 -0.287486 -0.936396 1251.89
0.278515 0.933296 -0.226669 2859.38
0 0 0 1

0.939453 -0.215759 0.266233 -393.129
0.19599 -0.299013 -0.933906 1248.6
0.281106 0.929535 -0.238621 2875.06
0 0 0 1

0.939481 -0.215874 0.266042 -392.93
0.192353 -0.310242 -0.930996 1244.84
0.283515 0.925823 -0.249942 2889.9
0 0 0 1


0
0
0

0
0
0

0
0
0

0
0
0

0
0
0

0
0
0

0
0
0

0
0
0

0
0
0

0
0
0

0
0
0

0
0
0

0
0
0

0
0
0

0
0
0

0
0
0

0
0
0

0
0
0

0
0
0

0
0
0

0
0
0

0
0
0

0
0
0

0
0
0

0
0
0

0
0
0

0
0
0

0
0
0

0
0
0

0
0
0

0
0
0

0
0
0

0
0
0

0
0
0

0
0
0

0
0
0

0
0
0

0
0
0

0
0
0

0
0
0

0
0
0

0
0
0

0
0
0

0
0
0

0
0
0

0
0
0

0
0
0

0
0
0

0
0
0

0
0
0

0
0
0

0
0
0

0
0
0

0
0
0

0
0
0

0
0
0

0
0
0

0
0
0

0
0
0

0
0
0

0
0
0

0
0
0

0
0
0

0
0
0

0
0
0

0
0
0

0
0
0

0
0
0

0
0
0

0
0
0

0
0
0

0
0
0

0
0
0

0
0
0

0
0
0

0
0
0

0
0
0

0
0
0

0
0
0

0
0
0

0
0
0

0
0
0

0
0
0

0
0
0

0
0
0

0
0
0

0
0
0

0
0
0

0
0
0

0
0
0

0
0
0

0
0
0

0
0
0

0
0
0

0
0
0

0
0
0

0
0
0

0
0
0

0
0
0

0
0
0

0
0
0

0
0
0

0
0
0

0
0
0

0
0
0

0
0
0

0
0
0

0
0
0

0
0
0

0
0
0

0
0
0

0
0
0

0
0
0

0
0
0

0
0
0

0
0
0

0
0
0

0
0
0

0
0
0

0
0
0

0
0
0

0
0
0

0
0
0

0
0
0

0
0
0

0
0
0

0
0
0

0
0
0

0
0
0

0
0
0

0
0
0

0
0
0

0
0
0

0
0
0

0
0
0

0
0
0

0
0
0

0
0
0

0
0
0

0
0
0

0
0
0

0
0
0

0
0
0

0
0
0

0
0
0

0
0
0

0
0
0

0
0
0

0
0
0

0
0
0

0
0
0

0
0
0

0
0
0

0
0
0

0
0
0

0
0
0

0
0
0

0
0
0

0
0
0

0
0
0

0
0
0

0
0
0

0
0
0

0
0
0

0
0
0

0
0
0

0
0
0

0
0
0

0
0
0

0
0
0

0
0
0

0
0
0

0
0
0

0
0
0

0
0
0

0
0
0

0
0
0

0
0
0

0
0
0

0
0
0

0
0
0

0
0
0

0
0
0

0
0
0

0
0
0

0
0
0

0
0
0

0
0
0

0
0
0

0
0
0

0
0
0

0
0
0

0
0
0

0
0
0

0
0
0

0
0
0

0
0
0

0
0
0

0
0
0

0
0
0

0
0
0

0
0
0

0
0
0

0
0
0

0
0
0

0
0
0

0
0
0

0
0
0

0
0
0

0
0
0

0
0
0

0
0
0

0
0
0

0
0
0

0
0
0

0
0
0

0
0
0

0
0
0

0
0
0

0
0
0

0
0
0

0
0
0

0
0
0

0
0
0

0
0
0

0
0
0

0
0
0

0
0
0

0
0
0

0
0
0

0
0
0

0
0
0

0
0
0

0
0
0

0
0
0

0
0
0

0
0
0

0
0
0

0
0
0

0
0
0

0
0
0

0
0
0

0
0
0

0
0
0

0
0
0

0
0
0

0
0
0

0
0
0

0
0
0

0
0
0

0
0
0

0
0
0

0
0
0

0
0
0

0
0
0

0
0
0

0
0
0

0
0
0

0
0
0

0
0
0

0
0
0

0
0
0

0
0
0

0
0
0

0
0
0

0
0
0

0
0
0

0
0
0

0
0
0

0
0
0

0
0
0

0
0
0

0
0
0

0
0
0

0
0
0

0
0
0

0
0
0

0
0
0

0
0
0

0
0
0

0
0
0

0
0
0

0
0
0

0
0
0

0
0
0

0
0
0

0
0
0

0
0
0
