100_l_femur_affected.stl
100_l_patel_affected.stl

138.894 40.0879 -57.2649
31855.3 -6143.54 942.577
-0.0599988 -0.148009 0.987368
0.00372009

0.061639
12
6.47494

167.247 59.8394 -50.1511
91.911 76.9981 -50.9817

4

-1 0 0 0
-1 0 0 0
-1 0 0 0
-1 0 0 0

91

0.789231 0.508046 -0.344979 59.8073
-0.47928 0.86081 0.171219 76.6656
0.383941 0.0302081 0.922864 -55.8538
0 0 0 1

0.790709 0.50672 -0.343544 59.8924
-0.480511 0.861413 0.164606 76.586
0.379336 0.0349187 0.924601 -56.1461
0 0 0 1

0.794098 0.503678 -0.340183 59.9048
-0.481011 0.862945 0.154842 76.3938
0.371542 0.0406691 0.927526 -56.2024
0 0 0 1

0.798673 0.500362 -0.334316 59.8773
-0.480477 0.864721 0.146352 76.1914
0.362312 0.0437414 0.93103 -56.1368
0 0 0 1

0.802905 0.495647 -0.331189 59.8307
-0.478829 0.867172 0.13695 75.8637
0.355069 0.0486235 0.933575 -56.2387
0 0 0 1

0.801895 0.500249 -0.326685 60.2526
-0.485362 0.864289 0.132082 76.2645
0.348418 0.0526431 0.93586 -56.3892
0 0 0 1

0.804781 0.496535 -0.325251 60.2294
-0.483359 0.866252 0.126443 75.9749
0.344525 0.0554525 0.937138 -56.7488
0 0 0 1

0.80713 0.495506 -0.320972 60.3307
-0.485846 0.866361 0.115726 75.9715
0.335413 0.0625354 0.939993 -56.63
0 0 0 1

0.808818 0.493552 -0.319732 60.4127
-0.48812 0.866683 0.103059 75.9309
0.327963 0.07271 0.941889 -56.6798
0 0 0 1

0.811316 0.492283 -0.315332 60.4835
-0.48985 0.866851 0.092953 75.8982
0.319097 0.0790494 0.944421 -56.6178
0 0 0 1

0.814433 0.488397 -0.313332 60.409
-0.491231 0.867748 0.0757265 75.7276
0.30887 0.0922416 0.946622 -56.4346
0 0 0 1

0.814621 0.489691 -0.310813 60.5817
-0.497943 0.865272 0.0581629 75.9748
0.297412 0.107385 0.948692 -56.1895
0 0 0 1

0.813941 0.49001 -0.312089 60.7228
-0.501776 0.863708 0.0474444 76.1345
0.292794 0.11798 0.948869 -56.5215
0 0 0 1

0.812783 0.486493 -0.320496 60.782
-0.50425 0.863006 0.0311973 76.1179
0.29176 0.136252 0.946738 -57.111
0 0 0 1

0.812263 0.484689 -0.32452 60.8822
-0.509242 0.860568 0.0106826 76.2258
0.284442 0.15658 0.94582 -57.2352
0 0 0 1

0.811119 0.483702 -0.328825 61.0009
-0.513138 0.858311 -0.00319831 76.3605
0.28068 0.171325 0.944387 -57.7001
0 0 0 1

0.810532 0.482784 -0.331613 61.0933
-0.516983 0.855825 -0.0176574 76.5127
0.275271 0.185749 0.943253 -58.0382
0 0 0 1

0.811196 0.476742 -0.338651 60.9577
-0.517075 0.855251 -0.0345992 76.2908
0.27313 0.203173 0.940278 -58.6464
0 0 0 1

0.811565 0.472076 -0.344259 60.8982
-0.515925 0.855563 -0.0430402 76.1646
0.27421 0.21254 0.93789 -59.5206
0 0 0 1

0.817894 0.460971 -0.344328 60.4191
-0.504466 0.86233 -0.0438312 75.3162
0.276713 0.20955 0.937828 -60.5187
0 0 0 1

0.809123 0.473413 -0.348149 61.2154
-0.532915 0.840806 -0.095208 76.8444
0.247647 0.262568 0.932594 -58.7352
0 0 0 1

0.810043 0.471906 -0.348057 61.3481
-0.538799 0.833233 -0.124247 76.8766
0.231372 0.288178 0.929207 -58.0082
0 0 0 1

0.814807 0.472421 -0.336031 61.3601
-0.542576 0.825607 -0.154939 76.7522
0.204225 0.308567 0.929024 -56.4057
0 0 0 1

0.818125 0.473997 -0.325586 61.4404
-0.546805 0.816506 -0.18532 76.6402
0.177994 0.329647 0.927177 -54.8705
0 0 0 1

0.822631 0.473154 -0.315296 61.4712
-0.547445 0.808916 -0.214425 76.2893
0.153585 0.348999 0.924455 -53.5294
0 0 0 1

0.828317 0.471872 -0.302051 61.4664
-0.54567 0.801719 -0.243942 75.7735
0.127044 0.366882 0.921554 -52.0679
0 0 0 1

0.832542 0.469637 -0.293807 61.4365
-0.544069 0.793015 -0.274107 75.248
0.104256 0.388058 0.915722 -50.9364
0 0 0 1

0.838742 0.467656 -0.278957 61.3984
-0.538669 0.78757 -0.299316 74.5889
0.0797146 0.401315 0.912468 -49.6954
0 0 0 1

0.842549 0.468166 -0.266344 61.5431
-0.536031 0.777295 -0.329399 74.061
0.0528077 0.420304 0.905849 -48.3775
0 0 0 1

0.846244 0.46696 -0.256569 61.6817
-0.532084 0.765684 -0.361437 73.4033
0.0276677 0.442381 0.896405 -47.2789
0 0 0 1

0.848827 0.466533 -0.248691 61.8945
-0.528662 0.752675 -0.392452 72.8918
0.00408589 0.464599 0.885517 -46.3347
0 0 0 1

0.852259 0.463359 -0.242816 61.9798
-0.522718 0.736002 -0.430217 72.068
-0.0206378 0.493583 0.86946 -45.4029
0 0 0 1

0.856553 0.462843 -0.228256 62.168
-0.51335 0.718872 -0.468738 71.0343
-0.0528708 0.518677 0.853341 -43.9381
0 0 0 1

0.86082 0.460487 -0.216674 62.3289
-0.502427 0.70121 -0.505858 69.9346
-0.0810126 0.544318 0.834965 -42.7906
0 0 0 1

0.864268 0.457526 -0.209085 62.4864
-0.49096 0.676685 -0.548704 68.7029
-0.109567 0.576884 0.809455 -41.7343
0 0 0 1

0.871689 0.453729 -0.185188 62.6294
-0.467114 0.654981 -0.593989 66.5555
-0.14822 0.604282 0.782874 -39.9554
0 0 0 1

0.873193 0.450322 -0.186418 62.7541
-0.457763 0.62647 -0.630879 65.6468
-0.167318 0.63622 0.753159 -39.6474
0 0 0 1

0.876158 0.446731 -0.181071 62.8953
-0.443846 0.601148 -0.66456 64.5134
-0.188033 0.662631 0.72497 -39.2145
0 0 0 1

0.879557 0.442536 -0.174777 63.0125
-0.427525 0.573856 -0.698517 63.2394
-0.208826 0.689111 0.693927 -38.811
0 0 0 1

0.883935 0.436486 -0.167765 63.0342
-0.40839 0.545839 -0.731638 61.7485
-0.227781 0.715238 0.660734 -38.529
0 0 0 1

0.889003 0.429915 -0.157645 63.0187
-0.385726 0.517568 -0.763777 60.0347
-0.246771 0.739813 0.625941 -38.2691
0 0 0 1

0.89274 0.42362 -0.153522 62.9417
-0.367948 0.488747 -0.791048 58.8554
-0.260074 0.762694 0.592185 -38.4011
0 0 0 1

0.895979 0.417221 -0.152174 62.8394
-0.350468 0.453815 -0.819293 57.6648
-0.272771 0.787407 0.552823 -38.6607
0 0 0 1

0.899448 0.410077 -0.151126 62.7417
-0.334737 0.424091 -0.841495 56.7464
-0.28099 0.807474 0.518708 -39.102
0 0 0 1

0.901331 0.40857 -0.143808 62.8974
-0.319601 0.403259 -0.85747 56.0638
-0.292348 0.818831 0.494041 -39.1713
0 0 0 1

0.904237 0.402941 -0.141428 62.8642
-0.303532 0.373491 -0.876579 55.2223
-0.300391 0.83557 0.460022 -39.5569
0 0 0 1

0.905692 0.399315 -0.142399 62.8722
-0.293419 0.347989 -0.890408 54.9551
-0.306003 0.848224 0.432331 -40.0116
0 0 0 1

0.906828 0.396772 -0.142278 62.9426
-0.28272 0.322192 -0.903482 54.691
-0.312639 0.859534 0.404341 -40.3788
0 0 0 1

0.908847 0.391435 -0.144166 62.9523
-0.270621 0.290287 -0.917886 54.211
-0.317446 0.873239 0.36975 -40.9476
0 0 0 1

0.910218 0.387441 -0.146291 62.9747
-0.261646 0.264183 -0.928312 54.0776
-0.321022 0.88325 0.34183 -41.4516
0 0 0 1

0.91157 0.384552 -0.145499 63.0567
-0.252575 0.244519 -0.93618 54.0417
-0.324436 0.89015 0.320018 -41.8695
0 0 0 1

0.913556 0.379179 -0.147137 63.0051
-0.243038 0.218854 -0.945014 53.9416
-0.326131 0.899091 0.292084 -42.4873
0 0 0 1

0.915562 0.373711 -0.148654 62.9683
-0.232984 0.191543 -0.953439 53.8082
-0.32784 0.907574 0.262433 -43.0913
0 0 0 1

0.917208 0.368595 -0.151257 62.9246
-0.22466 0.164947 -0.960384 53.8463
-0.329046 0.914861 0.234094 -43.6917
0 0 0 1

0.9189 0.363409 -0.153521 62.8676
-0.216248 0.13852 -0.96647 53.8909
-0.329961 0.921296 0.205868 -44.3104
0 0 0 1

0.919692 0.360024 -0.156719 62.8598
-0.210527 0.115221 -0.970782 54.2281
-0.33145 0.925821 0.181759 -44.7649
0 0 0 1

0.92163 0.35556 -0.155514 62.8333
-0.199713 0.0909533 -0.97563 54.133
-0.332754 0.930236 0.154833 -45.2721
0 0 0 1

0.922731 0.352326 -0.156347 62.8482
-0.19225 0.0691024 -0.978916 54.3641
-0.334097 0.93334 0.131495 -45.6794
0 0 0 1

0.924601 0.347725 -0.155595 62.8036
-0.182518 0.045846 -0.982139 54.4262
-0.334383 0.936493 0.105854 -46.2144
0 0 0 1

0.926686 0.343747 -0.15199 62.7959
-0.170831 0.0250169 -0.984988 54.3497
-0.334787 0.938746 0.0819045 -46.6676
0 0 0 1

0.928747 0.338054 -0.152173 62.6656
-0.16308 0.0039234 -0.98661 54.5887
-0.332933 0.941135 0.0587731 -47.257
0 0 0 1

0.93157 0.333471 -0.144856 62.6473
-0.148714 -0.0140717 -0.988786 54.3477
-0.331772 0.942673 0.0364828 -47.7658
0 0 0 1

0.934432 0.328705 -0.137105 62.6238
-0.133788 -0.0328033 -0.990472 54.0515
-0.330073 0.943879 0.0133243 -48.3045
0 0 0 1

0.937905 0.323126 -0.126225 62.5875
-0.116836 -0.0483736 -0.991976 53.6157
-0.326642 0.945134 -0.0076166 -48.9097
0 0 0 1

0.94137 0.318503 -0.111297 62.5939
-0.0954573 -0.0649664 -0.993315 52.8161
-0.323607 0.945708 -0.0307532 -49.5147
0 0 0 1

0.944849 0.312274 -0.0987595 62.5979
-0.0764865 -0.0828165 -0.99363 52.1735
-0.318467 0.94639 -0.0543632 -50.268
0 0 0 1

0.947547 0.307698 -0.0865096 62.648
-0.0593177 -0.0966695 -0.993552 51.6982
-0.31408 0.946576 -0.0733456 -50.8567
0 0 0 1

0.94938 0.305158 -0.0745886 62.7232
-0.0447274 -0.103711 -0.993606 51.4368
-0.310946 0.946653 -0.0848105 -51.2017
0 0 0 1

0.952165 0.299354 -0.0614601 62.7313
-0.0275032 -0.116357 -0.992831 50.9172
-0.304363 0.947036 -0.102556 -51.9118
0 0 0 1

0.954473 0.293742 -0.052001 62.7347
-0.0140369 -0.1299 -0.991432 50.6545
-0.297984 0.947032 -0.119861 -52.5811
0 0 0 1

0.955793 0.29076 -0.0438815 62.8018
-0.00240427 -0.141495 -0.989941 50.5158
-0.294047 0.94629 -0.134539 -53.016
0 0 0 1

0.956783 0.288379 -0.0375714 62.865
0.00628806 -0.149674 -0.988721 50.5836
-0.290753 0.945761 -0.145016 -53.323
0 0 0 1

0.957795 0.285902 -0.029992 62.9462
0.0163529 -0.158346 -0.987255 50.5306
-0.28701 0.945103 -0.156335 -53.6712
0 0 0 1

0.959593 0.280511 -0.0224668 62.911
0.0259562 -0.167719 -0.985499 50.5057
-0.280214 0.9451 -0.16822 -54.2465
0 0 0 1

0.960951 0.276395 -0.0137017 62.9528
0.0366575 -0.176206 -0.983676 50.349
-0.2743 0.944768 -0.179455 -54.7485
0 0 0 1

0.962243 0.272175 -0.00436489 62.9947
0.0479292 -0.185184 -0.98154 50.1409
-0.267962 0.944276 -0.191234 -55.2852
0 0 0 1

0.962681 0.270648 0.00206362 63.0998
0.0570416 -0.195424 -0.979064 50.0692
-0.264582 0.942648 -0.203566 -55.5923
0 0 0 1

0.963384 0.268104 0.00451344 63.1104
0.0616551 -0.205097 -0.976803 50.3186
-0.260963 0.941318 -0.214114 -55.8893
0 0 0 1

0.963944 0.266006 0.00788369 63.1556
0.0675259 -0.215823 -0.9741 50.4266
-0.257418 0.939515 -0.226 -56.2142
0 0 0 1

0.964761 0.262769 0.014004 63.2283
0.0761187 -0.22773 -0.97075 50.2827
-0.251897 0.937613 -0.239703 -56.7125
0 0 0 1

0.964861 0.26218 0.0177186 63.346
0.0810726 -0.232858 -0.969131 50.3896
-0.249964 0.936518 -0.245927 -56.7931
0 0 0 1

0.965142 0.260927 0.0206632 63.4217
0.0861635 -0.242173 -0.966405 50.4655
-0.24716 0.934503 -0.25621 -57.0256
0 0 0 1

0.965865 0.258145 0.0217928 63.4616
0.0923213 -0.264376 -0.959997 50.463
-0.24206 0.929244 -0.279179 -57.5914
0 0 0 1

0.96585 0.258057 0.0234162 63.5691
0.0972446 -0.277222 -0.955878 50.5634
-0.240183 0.925516 -0.292846 -57.7958
0 0 0 1

0.965792 0.258202 0.0242077 63.6902
0.100313 -0.285862 -0.953011 50.751
-0.239152 0.922843 -0.30198 -57.8914
0 0 0 1

0.965478 0.259322 0.0247152 63.8203
0.10357 -0.295067 -0.949852 50.8861
-0.239029 0.919626 -0.311734 -57.9084
0 0 0 1

0.964889 0.261224 0.0275298 64.0085
0.108761 -0.301912 -0.947117 50.8527
-0.239102 0.916862 -0.319719 -57.8919
0 0 0 1

0.964582 0.262452 0.0265626 64.104
0.110952 -0.312279 -0.943495 51.031
-0.23933 0.913029 -0.330335 -57.918
0 0 0 1

0.964153 0.264098 0.025801 64.1817
0.113032 -0.32077 -0.940394 51.1676
-0.240083 0.909604 -0.33912 -57.8827
0 0 0 1

0.964696 0.262063 0.0262766 64.1642
0.1158 -0.332419 -0.936001 51.228
-0.236559 0.906002 -0.351027 -58.2348
0 0 0 1

0.966422 0.255689 0.0256208 64.0492
0.114377 -0.338718 -0.933915 51.8829
-0.230117 0.905491 -0.356586 -58.5664
0 0 0 1


0
0
0

0
0
0

0
0
0

0
0
0

0
0
0

0
0
0

0
0
0

0
0
0

0
0
0

0
0
0

0
0
0

0
0
0

0
0
0

0
0
0

0
0
0

0
0
0

0
0
0

0
0
0

0
0
0

0
0
0

0
0
0

0
0
0

0
0
0

0
0
0

0
0
0

0
0
0

0
0
0

0
0
0

0
0
0

0
0
0

0
0
0

0
0
0

0
0
0

0
0
0

0
0
0

0
0
0

0
0
0

0
0
0

0
0
0

0
0
0

0
0
0

0
0
0

0
0
0

0
0
0

0
0
0

0
0
0

0
0
0

0
0
0

0
0
0

0
0
0

0
0
0

0
0
0

0
0
0

0
0
0

0
0
0

0
0
0

0
0
0

0
0
0

0
0
0

0
0
0

0
0
0

0
0
0

0
0
0

0
0
0

0
0
0

0
0
0

0
0
0

0
0
0

0
0
0

0
0
0

0
0
0

0
0
0

0
0
0

0
0
0

0
0
0

0
0
0

0
0
0

0
0
0

0
0
0

0
0
0

0
0
0

0
0
0

0
0
0

0
0
0

0
0
0

0
0
0

0
0
0

0
0
0

0
0
0

0
0
0

0
0
0

0
0
0

0
0
0

0
0
0

0
0
0

0
0
0

0
0
0

0
0
0

0
0
0

0
0
0

0
0
0

0
0
0

0
0
0

0
0
0

0
0
0

0
0
0

0
0
0

0
0
0

0
0
0

0
0
0

0
0
0

0
0
0

0
0
0

0
0
0

0
0
0

0
0
0

0
0
0

0
0
0

0
0
0

0
0
0

0
0
0

0
0
0

0
0
0

0
0
0

0
0
0

0
0
0

0
0
0

0
0
0

0
0
0

0
0
0

0
0
0

0
0
0

0
0
0

0
0
0

0
0
0

0
0
0

0
0
0

0
0
0

0
0
0

0
0
0

0
0
0

0
0
0

0
0
0

0
0
0

0
0
0

0
0
0

0
0
0

0
0
0

0
0
0

0
0
0

0
0
0

0
0
0

0
0
0

0
0
0

0
0
0

0
0
0

0
0
0

0
0
0

0
0
0

0
0
0

0
0
0

0
0
0

0
0
0

0
0
0

0
0
0

0
0
0

0
0
0

0
0
0

0
0
0

0
0
0

0
0
0

0
0
0

0
0
0

0
0
0

0
0
0

0
0
0

0
0
0

0
0
0

0
0
0

0
0
0

0
0
0

0
0
0

0
0
0

0
0
0

0
0
0

0
0
0

0
0
0

0
0
0

0
0
0

0
0
0

0
0
0

0
0
0

0
0
0

0
0
0

0
0
0

0
0
0

0
0
0

0
0
0

0
0
0

0
0
0

0
0
0

0
0
0

0
0
0

0
0
0

0
0
0

0
0
0

0
0
0

0
0
0

0
0
0

0
0
0

0
0
0

0
0
0

0
0
0

0
0
0

0
0
0

0
0
0

0
0
0

0
0
0

0
0
0

0
0
0

0
0
0

0
0
0

0
0
0

0
0
0

0
0
0

0
0
0

0
0
0

0
0
0

0
0
0

0
0
0

0
0
0

0
0
0

0
0
0

0
0
0

0
0
0

0
0
0

0
0
0

0
0
0

0
0
0

0
0
0

0
0
0

0
0
0

0
0
0

0
0
0

0
0
0

0
0
0

0
0
0

0
0
0

0
0
0

0
0
0

0
0
0

0
0
0

0
0
0

0
0
0

0
0
0

0
0
0

0
0
0

0
0
0

0
0
0

0
0
0

0
0
0

0
0
0

0
0
0

0
0
0

0
0
0

0
0
0

0
0
0

0
0
0

0
0
0

0
0
0

0
0
0

0
0
0

0
0
0
