098_r_femur_affected.stl
098_r_patel_affected.stl

-136.945 13.1353 1319.12
34431.7 7733.95 2475.83
-0.0444766 0.049588 0.997882
0.00370762

1
12
7.30441

-105.119 52.5932 1318.91
-174.16 25.433 1317.21

4

-1 0 0 0
-1 0 0 0
-1 0 0 0
-1 0 0 0

79

0.939141 -0.299436 0.16839 -187.564
0.270752 0.946857 0.173675 -78.8918
-0.211445 -0.117512 0.970302 660.707
0 0 0 1

0.931297 -0.310165 0.191013 -203.298
0.278277 0.944174 0.176368 -80.2811
-0.235052 -0.111096 0.965615 661.634
0 0 0 1

0.924441 -0.312898 0.217957 -221.748
0.28024 0.945091 0.16815 -74.7123
-0.258602 -0.0943628 0.961366 662.395
0 0 0 1

0.917324 -0.313977 0.244816 -240.153
0.280462 0.946031 0.16239 -70.8918
-0.282589 -0.0803013 0.955875 663.896
0 0 0 1

0.910582 -0.314767 0.267884 -256.008
0.280636 0.946656 0.158396 -68.2684
-0.303451 -0.0690532 0.950343 665.598
0 0 0 1

0.905447 -0.313979 0.285626 -268.171
0.280373 0.947637 0.1529 -64.6557
-0.318677 -0.05836 0.946067 666.785
0 0 0 1

0.899319 -0.31562 0.302667 -279.967
0.284886 0.947977 0.142059 -57.1389
-0.331758 -0.04153 0.942451 667.741
0 0 0 1

0.893037 -0.318849 0.317518 -290.315
0.293001 0.947577 0.127465 -46.8628
-0.341515 -0.0207971 0.939647 668.414
0 0 0 1

0.888389 -0.320172 0.329018 -298.282
0.301941 0.947348 0.106596 -32.3489
-0.345824 0.00464566 0.938289 668.531
0 0 0 1

0.883728 -0.324967 0.336775 -303.818
0.315849 0.945154 0.0831952 -15.8164
-0.345341 0.0328491 0.937903 668.352
0 0 0 1

0.881232 -0.325632 0.342622 -307.866
0.328675 0.943067 0.0509394 6.54887
-0.339704 0.0677224 0.938092 668.154
0 0 0 1

0.875751 -0.324621 0.35732 -318.006
0.346086 0.938192 0.0041189 38.9821
-0.336572 0.120056 0.933974 670.862
0 0 0 1

0.86906 -0.321207 0.376242 -331.043
0.365229 0.92957 -0.0500259 76.3589
-0.333675 0.18089 0.925171 676.802
0 0 0 1

0.867798 -0.317165 0.382528 -335.304
0.381764 0.918312 -0.104667 113.832
-0.318085 0.236866 0.917997 682.367
0 0 0 1

0.870585 -0.308458 0.383314 -335.557
0.390511 0.907115 -0.156963 149.234
-0.299296 0.286339 0.910184 688.423
0 0 0 1

0.880511 -0.30037 0.366704 -323.955
0.406187 0.876887 -0.257051 216.814
-0.24435 0.375288 0.894122 702.289
0 0 0 1

0.886096 -0.291115 0.360666 -319.619
0.41081 0.853606 -0.320295 259.201
-0.214626 0.431978 0.875975 716.004
0 0 0 1

0.892429 -0.278769 0.354755 -315.406
0.411051 0.826529 -0.384554 301.948
-0.186015 0.489011 0.852213 733.435
0 0 0 1

0.898506 -0.266867 0.348515 -310.925
0.408841 0.797788 -0.443146 340.733
-0.159782 0.540657 0.82593 752.372
0 0 0 1

0.904705 -0.259403 0.337953 -303.597
0.405343 0.768302 -0.495383 375.243
-0.131148 0.585163 0.800241 771.079
0 0 0 1

0.910404 -0.25248 0.327737 -296.515
0.39984 0.740392 -0.540318 404.816
-0.106236 0.622951 0.775015 789.22
0 0 0 1

0.915291 -0.24697 0.318185 -289.94
0.393665 0.715666 -0.576929 428.922
-0.0852318 0.653317 0.752272 805.377
0 0 0 1

0.920047 -0.237383 0.311697 -285.343
0.385692 0.688667 -0.613984 453.181
-0.0689084 0.685115 0.72517 824.151
0 0 0 1

0.923655 -0.233295 0.304018 -280.108
0.379915 0.661354 -0.646741 474.776
-0.0501844 0.712869 0.699501 842.158
0 0 0 1

0.927666 -0.230543 0.293733 -273.132
0.372067 0.637156 -0.674979 493.301
-0.0315441 0.735445 0.676851 858.105
0 0 0 1

0.929693 -0.224111 0.292298 -272.094
0.367623 0.613591 -0.698827 509.152
-0.0227386 0.757152 0.652845 874.3
0 0 0 1

0.930208 -0.218094 0.295196 -274.032
0.366634 0.589191 -0.720023 523.439
-0.0168963 0.778001 0.628036 890.854
0 0 0 1

0.930622 -0.214257 0.296697 -275.092
0.365802 0.569298 -0.736266 534.542
-0.0111607 0.793718 0.608183 904.076
0 0 0 1

0.929758 -0.207505 0.304109 -280.125
0.36802 0.546539 -0.752233 545.615
-0.0101177 0.811314 0.584521 919.587
0 0 0 1

0.928529 -0.201136 0.312039 -285.515
0.371123 0.524608 -0.766194 555.426
-0.00959064 0.827239 0.561766 934.476
0 0 0 1

0.92677 -0.193809 0.321754 -292.111
0.37549 0.500338 -0.780172 565.278
-0.00978326 0.843855 0.536478 951.051
0 0 0 1

0.925054 -0.187158 0.330513 -298.081
0.379737 0.474414 -0.794186 575.134
-0.00816396 0.860173 0.509934 968.596
0 0 0 1

0.924543 -0.181084 0.33529 -301.36
0.381038 0.44993 -0.807697 584.508
-0.00459794 0.87451 0.484984 985.215
0 0 0 1

0.923788 -0.175863 0.340117 -304.687
0.382893 0.42274 -0.821394 593.969
0.000670066 0.889024 0.457862 1003.42
0 0 0 1

0.922432 -0.170405 0.346516 -309.125
0.386137 0.400157 -0.83113 600.976
0.00296601 0.900465 0.434921 1018.6
0 0 0 1

0.920735 -0.165096 0.35353 -314.026
0.390142 0.377008 -0.840036 607.461
0.00540096 0.911379 0.411538 1034.1
0 0 0 1

0.919967 -0.160448 0.357647 -316.961
0.391877 0.35474 -0.848881 613.751
0.00932723 0.921097 0.389227 1048.98
0 0 0 1

0.919617 -0.155472 0.360728 -319.182
0.392532 0.329491 -0.858696 620.578
0.0146446 0.93127 0.364037 1065.93
0 0 0 1

0.919921 -0.149045 0.362665 -320.571
0.39166 0.305649 -0.867863 626.917
0.0185002 0.940408 0.33955 1082.27
0 0 0 1

0.918946 -0.143325 0.367411 -323.938
0.393813 0.283722 -0.87431 631.713
0.0210652 0.948136 0.317172 1097.13
0 0 0 1

0.918396 -0.138249 0.370715 -326.317
0.394913 0.262979 -0.880279 636.087
0.0242056 0.954846 0.296118 1111.14
0 0 0 1

0.918184 -0.132414 0.373362 -328.245
0.395181 0.240418 -0.886586 640.592
0.0276319 0.961597 0.273078 1126.53
0 0 0 1

0.917788 -0.127635 0.375988 -330.164
0.395826 0.219512 -0.891707 644.388
0.0312773 0.967226 0.25199 1140.63
0 0 0 1

0.917509 -0.122117 0.378491 -331.983
0.396224 0.198682 -0.896401 647.903
0.0342641 0.972427 0.230682 1154.84
0 0 0 1

0.917476 -0.115924 0.380512 -333.457
0.395957 0.174717 -0.901497 651.614
0.0380217 0.977771 0.206202 1171.23
0 0 0 1

0.918075 -0.109994 0.380829 -333.77
0.394346 0.155895 -0.905645 654.704
0.0402438 0.981632 0.186501 1184.3
0 0 0 1

0.918003 -0.104429 0.382564 -335.115
0.394049 0.131802 -0.909594 657.696
0.0445628 0.985762 0.162146 1200.64
0 0 0 1

0.918409 -0.0973707 0.383453 -335.833
0.392777 0.108384 -0.91323 660.499
0.0473594 0.989333 0.137787 1216.86
0 0 0 1

0.917811 -0.090717 0.386503 -338.102
0.393857 0.0856598 -0.915177 662.357
0.0499122 0.992189 0.114349 1232.47
0 0 0 1

0.917455 -0.085464 0.388541 -339.712
0.394088 0.0616038 -0.917011 664.105
0.0544336 0.994439 0.0901992 1248.7
0 0 0 1

0.916257 -0.0802177 0.392465 -342.66
0.396173 0.0365333 -0.917454 665.066
0.0592559 0.99611 0.0652539 1265.48
0 0 0 1

0.916244 -0.0724883 0.393995 -343.892
0.395761 0.0112544 -0.918289 666.153
0.0621292 0.997308 0.0389997 1283.01
0 0 0 1

0.915703 -0.0659547 0.396393 -345.768
0.396366 -0.0140756 -0.917989 666.577
0.0661235 0.997725 0.0132528 1300.29
0 0 0 1

0.91492 -0.0606118 0.399043 -347.855
0.397409 -0.0374991 -0.916879 666.514
0.0705359 0.997458 -0.0102215 1316.11
0 0 0 1

0.914608 -0.0543257 0.400661 -349.182
0.39755 -0.0598558 -0.915631 666.359
0.0737224 0.99673 -0.0331481 1331.51
0 0 0 1

0.913976 -0.0469937 0.403026 -351.002
0.39858 -0.0820016 -0.913465 665.624
0.0759742 0.995526 -0.0562177 1346.97
0 0 0 1

0.913952 -0.0399354 0.403839 -351.756
0.398087 -0.104971 -0.911326 664.756
0.0787837 0.993674 -0.0800414 1362.98
0 0 0 1

0.913979 -0.0341181 0.404311 -352.276
0.397152 -0.128793 -0.908675 663.477
0.0830732 0.991085 -0.104165 1379.29
0 0 0 1

0.914391 -0.0306513 0.403658 -352.071
0.39504 -0.150299 -0.90629 662.32
0.0884467 0.988166 -0.125325 1393.74
0 0 0 1

0.914863 -0.0259562 0.402918 -351.789
0.393219 -0.1692 -0.903747 661.109
0.0916299 0.985242 -0.14459 1406.8
0 0 0 1

0.915606 -0.0227547 0.40142 -351.004
0.390491 -0.187504 -0.901314 659.897
0.0957756 0.982002 -0.162796 1419.24
0 0 0 1

0.917639 -0.0193358 0.396933 -348.121
0.3849 -0.205332 -0.899832 659.119
0.0989006 0.978503 -0.18098 1431.62
0 0 0 1

0.918438 -0.0151871 0.395265 -347.182
0.382421 -0.221291 -0.897103 657.743
0.101092 0.975092 -0.197436 1442.78
0 0 0 1

0.919485 -0.011581 0.392945 -345.797
0.379444 -0.235176 -0.894831 656.663
0.102773 0.971886 -0.211848 1452.57
0 0 0 1

0.920688 -0.00564565 0.39025 -344.084
0.376573 -0.249914 -0.892045 655.222
0.102564 0.968255 -0.227969 1463.38
0 0 0 1

0.921032 -0.00052377 0.38948 -343.726
0.375853 -0.261015 -0.889165 653.884
0.102125 0.965338 -0.240208 1471.6
0 0 0 1

0.921724 0.00421811 0.387818 -342.718
0.374136 -0.273144 -0.886241 652.438
0.102191 0.961967 -0.253343 1480.48
0 0 0 1

0.921442 0.010166 0.388375 -343.24
0.3751 -0.283642 -0.882528 650.629
0.101187 0.958879 -0.265175 1488.45
0 0 0 1

0.922122 0.01521 0.386592 -342.134
0.373447 -0.296118 -0.879125 648.815
0.101104 0.955034 -0.278739 1497.62
0 0 0 1

0.922584 0.0205724 0.38524 -341.331
0.372467 -0.307647 -0.875574 646.916
0.100505 0.951281 -0.291496 1506.21
0 0 0 1

0.924378 0.0248074 0.38066 -338.28
0.368308 -0.317888 -0.873672 645.898
0.0993331 0.947806 -0.302988 1513.98
0 0 0 1

0.925375 0.0309376 0.377777 -336.369
0.366122 -0.33096 -0.869728 643.568
0.0981213 0.943139 -0.317592 1523.78
0 0 0 1

0.926048 0.0356264 0.375708 -335.046
0.364617 -0.341308 -0.866354 641.659
0.0973665 0.939278 -0.329061 1531.52
0 0 0 1

0.925747 0.040055 0.376007 -335.385
0.36538 -0.350838 -0.862216 639.359
0.0973807 0.935581 -0.339425 1538.6
0 0 0 1

0.924534 0.0439181 0.378553 -337.297
0.368202 -0.359118 -0.857595 636.854
0.0982806 0.932262 -0.34819 1544.65
0 0 0 1

0.924222 0.0469829 0.378945 -337.709
0.368321 -0.371488 -0.852257 633.617
0.100731 0.92725 -0.360645 1553.26
0 0 0 1

0.924369 0.0499374 0.378209 -337.334
0.367444 -0.383102 -0.84748 630.689
0.102571 0.922355 -0.37248 1561.41
0 0 0 1

0.923513 0.0557915 0.379476 -338.299
0.369652 -0.393431 -0.841767 627.321
0.102334 0.917658 -0.383966 1569.2
0 0 0 1

0.923307 0.0524135 0.380459 -339.239
0.369209 -0.393898 -0.841744 627.815
0.105743 0.917657 -0.383044 1569.09
0 0 0 1


0
0
0

0
0
0

0
0
0

0
0
0

0
0
0

0
0
0

0
0
0

0
0
0

0
0
0

0
0
0

0
0
0

0
0
0

0
0
0

0
0
0

0
0
0

0
0
0

0
0
0

0
0
0

0
0
0

0
0
0

0
0
0

0
0
0

0
0
0

0
0
0

0
0
0

0
0
0

0
0
0

0
0
0

0
0
0

0
0
0

0
0
0

0
0
0

0
0
0

0
0
0

0
0
0

0
0
0

0
0
0

0
0
0

0
0
0

0
0
0

0
0
0

0
0
0

0
0
0

0
0
0

0
0
0

0
0
0

0
0
0

0
0
0

0
0
0

0
0
0

0
0
0

0
0
0

0
0
0

0
0
0

0
0
0

0
0
0

0
0
0

0
0
0

0
0
0

0
0
0

0
0
0

0
0
0

0
0
0

0
0
0

0
0
0

0
0
0

0
0
0

0
0
0

0
0
0

0
0
0

0
0
0

0
0
0

0
0
0

0
0
0

0
0
0

0
0
0

0
0
0

0
0
0

0
0
0

0
0
0

0
0
0

0
0
0

0
0
0

0
0
0

0
0
0

0
0
0

0
0
0

0
0
0

0
0
0

0
0
0

0
0
0

0
0
0

0
0
0

0
0
0

0
0
0

0
0
0

0
0
0

0
0
0

0
0
0

0
0
0

0
0
0

0
0
0

0
0
0

0
0
0

0
0
0

0
0
0

0
0
0

0
0
0

0
0
0

0
0
0

0
0
0

0
0
0

0
0
0

0
0
0

0
0
0

0
0
0

0
0
0

0
0
0

0
0
0

0
0
0

0
0
0

0
0
0

0
0
0

0
0
0

0
0
0

0
0
0

0
0
0

0
0
0

0
0
0

0
0
0

0
0
0

0
0
0

0
0
0

0
0
0

0
0
0

0
0
0

0
0
0

0
0
0

0
0
0

0
0
0

0
0
0

0
0
0

0
0
0

0
0
0

0
0
0

0
0
0

0
0
0

0
0
0

0
0
0

0
0
0

0
0
0

0
0
0

0
0
0

0
0
0

0
0
0

0
0
0

0
0
0

0
0
0

0
0
0

0
0
0

0
0
0

0
0
0

0
0
0

0
0
0

0
0
0

0
0
0

0
0
0

0
0
0

0
0
0

0
0
0

0
0
0

0
0
0

0
0
0

0
0
0

0
0
0

0
0
0

0
0
0

0
0
0

0
0
0

0
0
0

0
0
0

0
0
0

0
0
0

0
0
0

0
0
0

0
0
0

0
0
0

0
0
0

0
0
0

0
0
0

0
0
0

0
0
0

0
0
0

0
0
0

0
0
0

0
0
0

0
0
0

0
0
0

0
0
0

0
0
0

0
0
0

0
0
0

0
0
0

0
0
0

0
0
0

0
0
0

0
0
0

0
0
0

0
0
0

0
0
0

0
0
0

0
0
0

0
0
0

0
0
0

0
0
0

0
0
0

0
0
0

0
0
0

0
0
0

0
0
0

0
0
0

0
0
0

0
0
0

0
0
0

0
0
0

0
0
0

0
0
0

0
0
0

0
0
0

0
0
0

0
0
0

0
0
0

0
0
0

0
0
0

0
0
0

0
0
0

0
0
0
