097_l_femur_affected.stl
097_l_patel_affected.stl

130.475 6.23927 2354.08
-20500.5 -18165.7 1943.29
0.0789313 -0.0669584 -0.994869
0.0051273

0.922097
12
4.85702

96.2684 37.1511 2346.85
159.561 18.3757 2350.32

4

-1 0 0 0
-1 0 0 0
-1 0 0 0
-1 0 0 0

75

0.763901 0.310669 0.565627 -580.328
-0.133676 0.93366 -0.332277 411.883
-0.63133 0.178217 0.754758 1506.31
0 0 0 1

0.763107 0.310666 0.566699 -581.516
-0.142116 0.936083 -0.321792 400.226
-0.630446 0.165026 0.758487 1502.23
0 0 0 1

0.765352 0.309923 0.564072 -578.504
-0.149465 0.938051 -0.312602 389.962
-0.62601 0.154942 0.764267 1495.54
0 0 0 1

0.765472 0.308906 0.564468 -578.919
-0.158057 0.940623 -0.300414 376.309
-0.623749 0.140741 0.768849 1490.31
0 0 0 1

0.765976 0.307374 0.564621 -579.048
-0.16607 0.943089 -0.288111 362.471
-0.621042 0.126919 0.773433 1485.1
0 0 0 1

0.766782 0.305458 0.564567 -578.952
-0.17542 0.945758 -0.273445 345.981
-0.617467 0.110636 0.778777 1478.93
0 0 0 1

0.76841 0.306029 0.562039 -575.941
-0.187175 0.947322 -0.259905 330.921
-0.611967 0.0945141 0.785216 1471.37
0 0 0 1

0.769989 0.302398 0.561844 -575.746
-0.195911 0.950075 -0.242859 311.623
-0.607231 0.076928 0.790793 1464.82
0 0 0 1

0.769013 0.301526 0.563646 -577.663
-0.207841 0.951796 -0.225594 292.265
-0.604495 0.0563353 0.794615 1460.38
0 0 0 1

0.770513 0.299504 0.562676 -576.52
-0.22004 0.953455 -0.206186 270.436
-0.598235 0.0350568 0.800554 1453.26
0 0 0 1

0.769551 0.297866 0.564859 -578.888
-0.231586 0.954516 -0.187827 249.785
-0.595109 0.013728 0.80353 1449.76
0 0 0 1

0.766363 0.298192 0.569007 -583.353
-0.241598 0.954507 -0.174812 235.247
-0.595243 -0.00350287 0.80354 1450.02
0 0 0 1

0.764706 0.293974 0.573414 -588.301
-0.252971 0.955395 -0.152435 209.914
-0.592643 -0.0284907 0.804963 1448.32
0 0 0 1

0.766002 0.292827 0.57227 -586.907
-0.266033 0.954824 -0.132474 187.49
-0.585204 -0.0507683 0.809298 1442.96
0 0 0 1

0.765514 0.291598 0.573549 -588.203
-0.279038 0.953682 -0.112421 164.974
-0.57976 -0.0739836 0.811423 1440.27
0 0 0 1

0.763383 0.290606 0.576881 -591.779
-0.294018 0.951533 -0.0902578 140.097
-0.575146 -0.100714 0.811828 1439.58
0 0 0 1

0.761154 0.29028 0.579983 -595.086
-0.310382 0.948235 -0.0672413 114.319
-0.569474 -0.128837 0.811851 1439.26
0 0 0 1

0.756526 0.285494 0.588353 -604.496
-0.332554 0.942617 -0.0297783 71.9964
-0.56309 -0.173133 0.808057 1443
0 0 0 1

0.756181 0.275152 0.5937 -610.739
-0.349631 0.936824 0.0111503 25.3096
-0.553121 -0.216009 0.804611 1446.1
0 0 0 1

0.757946 0.266122 0.595563 -613.036
-0.363215 0.93055 0.0464481 -14.9904
-0.541836 -0.251525 0.801967 1448.31
0 0 0 1

0.751102 0.262523 0.605746 -624.367
-0.381985 0.921173 0.0744309 -46.4533
-0.538451 -0.287294 0.792173 1459.4
0 0 0 1

0.73514 0.262121 0.625189 -645.857
-0.402031 0.911124 0.0907415 -64.192
-0.545834 -0.318057 0.775183 1479.7
0 0 0 1

0.722437 0.259391 0.640937 -663.291
-0.422304 0.899517 0.111973 -87.6776
-0.547484 -0.351567 0.759385 1498.16
0 0 0 1

0.71743 0.259371 0.646545 -669.282
-0.441446 0.887242 0.133924 -112.058
-0.538901 -0.3815 0.751032 1507.39
0 0 0 1

0.713995 0.25941 0.650322 -673.248
-0.461159 0.873138 0.158033 -138.926
-0.52682 -0.412742 0.743042 1515.93
0 0 0 1

0.714205 0.254853 0.65189 -674.953
-0.476077 0.859615 0.185533 -170.034
-0.513086 -0.442864 0.735269 1524.13
0 0 0 1

0.716476 0.252407 0.650347 -673.107
-0.489617 0.84601 0.211066 -198.915
-0.496921 -0.469651 0.729728 1529.61
0 0 0 1

0.720348 0.252021 0.646206 -668.272
-0.504473 0.829765 0.238755 -230.268
-0.476024 -0.497986 0.724857 1533.97
0 0 0 1

0.72574 0.249256 0.641225 -662.599
-0.515657 0.814075 0.267186 -262.739
-0.455404 -0.524565 0.719337 1539.1
0 0 0 1

0.731256 0.244672 0.636707 -657.49
-0.527443 0.794721 0.300383 -300.779
-0.432505 -0.55549 0.710195 1548.22
0 0 0 1

0.736356 0.241912 0.631867 -651.971
-0.537598 0.776235 0.329326 -333.911
-0.410806 -0.582198 0.701636 1556.82
0 0 0 1

0.741947 0.239845 0.626089 -645.34
-0.545635 0.758661 0.355985 -364.486
-0.389605 -0.605745 0.693752 1564.73
0 0 0 1

0.747781 0.235519 0.620767 -639.316
-0.554307 0.736109 0.388454 -401.881
-0.365461 -0.634581 0.680997 1578.04
0 0 0 1

0.753352 0.231596 0.615484 -633.287
-0.561992 0.712767 0.419687 -437.868
-0.341496 -0.662076 0.667118 1592.68
0 0 0 1

0.757357 0.225319 0.612893 -630.341
-0.568536 0.68921 0.449181 -471.88
-0.321201 -0.68865 0.650079 1611.23
0 0 0 1

0.758612 0.221856 0.612604 -629.833
-0.579069 0.660544 0.477877 -504.8
-0.298631 -0.717272 0.629566 1633.68
0 0 0 1

0.758182 0.217568 0.61467 -631.979
-0.59057 0.628705 0.505929 -536.953
-0.276371 -0.7466 0.605162 1660.65
0 0 0 1

0.757847 0.215421 0.615838 -633.056
-0.599742 0.601625 0.527602 -561.692
-0.256846 -0.769196 0.585136 1682.78
0 0 0 1

0.758074 0.214574 0.615856 -632.778
-0.608422 0.57271 0.549393 -586.603
-0.23482 -0.791191 0.564706 1705.25
0 0 0 1

0.758035 0.212018 0.616788 -633.566
-0.615582 0.545036 0.56921 -609.249
-0.215488 -0.811176 0.543669 1728.64
0 0 0 1

0.760658 0.210716 0.613999 -630.14
-0.618521 0.522362 0.587005 -629.671
-0.197038 -0.826292 0.52767 1746.29
0 0 0 1

0.762642 0.211992 0.611092 -626.505
-0.6227 0.496205 0.605003 -650.322
-0.174971 -0.841938 0.510433 1765.12
0 0 0 1

0.762919 0.210521 0.611256 -626.395
-0.627609 0.468012 0.622153 -669.983
-0.155099 -0.858293 0.489179 1788.75
0 0 0 1

0.764925 0.211321 0.608466 -622.885
-0.629691 0.44413 0.637371 -687.47
-0.135548 -0.870697 0.472792 1806.78
0 0 0 1

0.768138 0.210939 0.604538 -618.137
-0.629459 0.421627 0.652698 -705.159
-0.11721 -0.881904 0.456645 1824.58
0 0 0 1

0.769925 0.207742 0.603372 -616.585
-0.630314 0.39512 0.668273 -723.124
-0.0995768 -0.894843 0.435155 1848.61
0 0 0 1

0.770446 0.200419 0.605181 -618.549
-0.632224 0.362101 0.684966 -742.449
-0.0818571 -0.91035 0.405689 1881.84
0 0 0 1

0.770862 0.19234 0.607267 -620.826
-0.633503 0.331187 0.699279 -758.965
-0.0666213 -0.923764 0.377148 1914.13
0 0 0 1

0.771601 0.186361 0.608194 -621.759
-0.633968 0.303561 0.711292 -772.781
-0.0520688 -0.93442 0.352375 1942.14
0 0 0 1

0.771218 0.179563 0.61072 -624.541
-0.635347 0.276484 0.721035 -783.908
-0.0393846 -0.944104 0.327315 1970.58
0 0 0 1

0.774581 0.171007 0.608917 -622.631
-0.631969 0.247562 0.73439 -799.454
-0.0251605 -0.95367 0.299828 2001.73
0 0 0 1

0.776244 0.166046 0.608171 -621.744
-0.630299 0.223878 0.743372 -809.797
-0.0127236 -0.960377 0.278443 2025.93
0 0 0 1

0.779049 0.158899 0.606492 -619.918
-0.62695 0.202302 0.752335 -820.166
-0.00315118 -0.966356 0.257226 2050.08
0 0 0 1

0.78237 0.151736 0.604046 -617.217
-0.622757 0.178074 0.761882 -831.302
0.00803805 -0.972256 0.233816 2076.67
0 0 0 1

0.786671 0.146664 0.599697 -612.351
-0.616981 0.152416 0.772078 -843.334
0.0218309 -0.977382 0.210391 2103.12
0 0 0 1

0.792057 0.139826 0.594217 -606.288
-0.609556 0.128731 0.782221 -855.362
0.0328785 -0.981781 0.187194 2129.46
0 0 0 1

0.795231 0.131082 0.591965 -603.88
-0.604625 0.0988983 0.790347 -864.983
0.0450538 -0.986436 0.157902 2162.82
0 0 0 1

0.797623 0.124295 0.590208 -601.939
-0.600277 0.0681706 0.796883 -872.72
0.0588109 -0.989913 0.128985 2195.64
0 0 0 1

0.802965 0.11696 0.584436 -595.511
-0.591455 0.0352041 0.805571 -883.208
0.0736417 -0.992525 0.0974438 2231.43
0 0 0 1

0.810238 0.111687 0.575359 -585.307
-0.579361 0.00423536 0.815061 -894.795
0.0885916 -0.993745 0.0681387 2264.65
0 0 0 1

0.81714 0.108255 0.566181 -574.908
-0.567946 -0.0167384 0.822897 -904.232
0.0985564 -0.993993 0.0478057 2287.72
0 0 0 1

0.825902 0.105438 0.553865 -560.99
-0.553195 -0.0381744 0.832179 -915.575
0.108883 -0.993705 0.0267994 2311.54
0 0 0 1

0.834501 0.103052 0.541284 -546.732
-0.53737 -0.0649699 0.840844 -926.406
0.121814 -0.992565 0.00115998 2340.59
0 0 0 1

0.842589 0.101479 0.52891 -532.641
-0.521928 -0.0882809 0.848412 -935.896
0.132784 -0.990925 -0.0214196 2366.2
0 0 0 1

0.849978 0.102338 0.516781 -518.762
-0.506869 -0.108503 0.85517 -944.398
0.143585 -0.988826 -0.0403529 2387.56
0 0 0 1

0.857211 0.102214 0.504717 -504.952
-0.491714 -0.128693 0.861197 -952.076
0.152976 -0.986415 -0.0600562 2409.9
0 0 0 1

0.863346 0.104084 0.49376 -492.325
-0.477475 -0.148039 0.866087 -958.417
0.163238 -0.9835 -0.0781107 2430.27
0 0 0 1

0.870239 0.106405 0.480999 -477.654
-0.461715 -0.164249 0.871691 -965.649
0.171752 -0.980673 -0.0938065 2448
0 0 0 1

0.877326 0.109414 0.467251 -461.868
-0.445073 -0.17858 0.877509 -973.153
0.179451 -0.977832 -0.107975 2463.98
0 0 0 1

0.884955 0.109523 0.452609 -445.144
-0.427411 -0.194778 0.882827 -980.221
0.184846 -0.974721 -0.125558 2484.09
0 0 0 1

0.89028 0.112617 0.441265 -432.049
-0.413045 -0.208417 0.886542 -985.17
0.191804 -0.971542 -0.139033 2499.3
0 0 0 1

0.895652 0.115005 0.429625 -418.63
-0.3985 -0.221411 0.890042 -989.882
0.197481 -0.968382 -0.152478 2514.56
0 0 0 1

0.900075 0.117772 0.419513 -406.925
-0.384201 -0.23966 0.891601 -992.45
0.205544 -0.963693 -0.170464 2534.96
0 0 0 1

0.906487 0.123911 0.403638 -388.521
-0.363477 -0.257432 0.895328 -997.925
0.214848 -0.958324 -0.18832 2555.18
0 0 0 1

0.909401 0.131083 0.394718 -377.988
-0.350949 -0.267451 0.897388 -1000.84
0.223198 -0.954619 -0.197217 2564.97
0 0 0 1


0
0
0

0
0
0

0
0
0

0
0
0

0
0
0

0
0
0

0
0
0

0
0
0

0
0
0

0
0
0

0
0
0

0
0
0

0
0
0

0
0
0

0
0
0

0
0
0

0
0
0

0
0
0

0
0
0

0
0
0

0
0
0

0
0
0

0
0
0

0
0
0

0
0
0

0
0
0

0
0
0

0
0
0

0
0
0

0
0
0

0
0
0

0
0
0

0
0
0

0
0
0

0
0
0

0
0
0

0
0
0

0
0
0

0
0
0

0
0
0

0
0
0

0
0
0

0
0
0

0
0
0

0
0
0

0
0
0

0
0
0

0
0
0

0
0
0

0
0
0

0
0
0

0
0
0

0
0
0

0
0
0

0
0
0

0
0
0

0
0
0

0
0
0

0
0
0

0
0
0

0
0
0

0
0
0

0
0
0

0
0
0

0
0
0

0
0
0

0
0
0

0
0
0

0
0
0

0
0
0

0
0
0

0
0
0

0
0
0

0
0
0

0
0
0

0
0
0

0
0
0

0
0
0

0
0
0

0
0
0

0
0
0

0
0
0

0
0
0

0
0
0

0
0
0

0
0
0

0
0
0

0
0
0

0
0
0

0
0
0

0
0
0

0
0
0

0
0
0

0
0
0

0
0
0

0
0
0

0
0
0

0
0
0

0
0
0

0
0
0

0
0
0

0
0
0

0
0
0

0
0
0

0
0
0

0
0
0

0
0
0

0
0
0

0
0
0

0
0
0

0
0
0

0
0
0

0
0
0

0
0
0

0
0
0

0
0
0

0
0
0

0
0
0

0
0
0

0
0
0

0
0
0

0
0
0

0
0
0

0
0
0

0
0
0

0
0
0

0
0
0

0
0
0

0
0
0

0
0
0

0
0
0

0
0
0

0
0
0

0
0
0

0
0
0

0
0
0

0
0
0

0
0
0

0
0
0

0
0
0

0
0
0

0
0
0

0
0
0

0
0
0

0
0
0

0
0
0

0
0
0

0
0
0

0
0
0

0
0
0

0
0
0

0
0
0

0
0
0

0
0
0

0
0
0

0
0
0

0
0
0

0
0
0

0
0
0

0
0
0

0
0
0

0
0
0

0
0
0

0
0
0

0
0
0

0
0
0

0
0
0

0
0
0

0
0
0

0
0
0

0
0
0

0
0
0

0
0
0

0
0
0

0
0
0

0
0
0

0
0
0

0
0
0

0
0
0

0
0
0

0
0
0

0
0
0

0
0
0

0
0
0

0
0
0

0
0
0

0
0
0

0
0
0

0
0
0

0
0
0

0
0
0

0
0
0

0
0
0

0
0
0

0
0
0

0
0
0

0
0
0

0
0
0

0
0
0

0
0
0

0
0
0

0
0
0

0
0
0

0
0
0

0
0
0

0
0
0

0
0
0

0
0
0

0
0
0

0
0
0

0
0
0

0
0
0

0
0
0

0
0
0

0
0
0

0
0
0

0
0
0

0
0
0

0
0
0

0
0
0

0
0
0

0
0
0

0
0
0

0
0
0

0
0
0
