096_femur_affected.stl
096_patel_affected.stl

-237.335 -47.9579 60.9971
-20681.4 -87185.2 -13071.5
0.492877 -0.241711 0.836626
0.0019714

1
10
5.20351

-187.902 -40.5474 33.7765
-267.965 -30.1363 33.9522

4

0 -72.6641 -9.59766 10.6221
1 -104.555 -64.625 17.0459
1 -103.383 -62.8047 6.33642
-1 0 0 0

121

0.967339 -0.16016 0.196471 -127.382
0.119368 0.971601 0.20432 -7.10854
-0.223615 -0.174195 0.958983 -0.325717
0 0 0 1

0.970516 -0.15716 0.18275 -126.595
0.123409 0.975275 0.183339 -6.31161
-0.207046 -0.155381 0.965912 1.78375
0 0 0 1

0.973455 -0.15443 0.168921 -125.837
0.127087 0.978538 0.162224 -5.56121
-0.190348 -0.13645 0.972186 3.92109
0 0 0 1

0.975215 -0.155686 0.157218 -125.626
0.131561 0.97932 0.153714 -4.88187
-0.177898 -0.12922 0.975526 5.16506
0 0 0 1

0.977092 -0.15239 0.148555 -125.207
0.130392 0.980351 0.148036 -4.93109
-0.168195 -0.125274 0.97776 5.92676
0 0 0 1

0.978877 -0.149128 0.139859 -124.795
0.129165 0.981353 0.142365 -4.98538
-0.158482 -0.121293 0.979882 6.692
0 0 0 1

0.979703 -0.153324 0.129129 -124.924
0.136448 0.981983 0.130746 -3.81899
-0.146848 -0.110472 0.982969 8.01078
0 0 0 1

0.980918 -0.15133 0.122066 -124.716
0.136527 0.983135 0.1217 -3.66507
-0.138424 -0.102712 0.985031 8.79293
0 0 0 1

0.982071 -0.149391 0.114978 -124.513
0.136529 0.984213 0.112645 -3.51848
-0.12999 -0.0949267 0.98696 9.57794
0 0 0 1

0.983162 -0.147508 0.107864 -124.316
0.136453 0.985219 0.103582 -3.37924
-0.121549 -0.0871183 0.988754 10.3657
0 0 0 1

0.984227 -0.146372 0.099369 -124.143
0.137181 0.986098 0.0937877 -3.0699
-0.111715 -0.0786756 0.99062 11.3144
0 0 0 1

0.985482 -0.143555 0.0906549 -123.821
0.135694 0.986869 0.0876465 -3.09543
-0.102046 -0.0740716 0.992018 12.061
0 0 0 1

0.986861 -0.140268 0.0801845 -123.407
0.133945 0.9878 0.079466 -3.08017
-0.0903526 -0.067681 0.993607 13.1574
0 0 0 1

0.988419 -0.134693 0.0698957 -122.806
0.12959 0.988876 0.0730453 -3.43567
-0.0789567 -0.0631409 0.994876 14.1265
0 0 0 1

0.989668 -0.130818 0.0586932 -122.321
0.127196 0.989958 0.0617245 -3.47753
-0.0661783 -0.0536204 0.996366 15.5324
0 0 0 1

0.991135 -0.124115 0.0474247 -121.611
0.121459 0.991057 0.0553135 -3.9943
-0.0538657 -0.0490621 0.997342 16.6414
0 0 0 1

0.992383 -0.118527 0.0335662 -120.988
0.116956 0.992099 0.0454389 -4.30979
-0.0386867 -0.0411664 0.998403 18.2749
0 0 0 1

0.993547 -0.111624 0.0200887 -120.247
0.110919 0.993272 0.0333256 -4.77822
-0.0236735 -0.0308818 0.999242 20.0072
0 0 0 1

0.994529 -0.104356 0.00478771 -119.593
0.104207 0.994248 0.0248119 -5.39036
-0.00734943 -0.0241767 0.999681 21.763
0 0 0 1

0.994854 -0.100837 -0.00990725 -119.125
0.100954 0.99482 0.0120813 -5.50905
0.00863768 -0.0130188 0.999878 23.701
0 0 0 1

0.99546 -0.094028 -0.014853 -118.452
0.094022 0.995571 -0.00111087 -6.0951
0.0148917 -0.000290252 0.999889 24.4908
0 0 0 1

0.995867 -0.0893684 -0.0162614 -117.985
0.0891575 0.995931 -0.0132777 -6.43682
0.0173818 0.0117738 0.99978 24.791
0 0 0 1

0.996213 -0.0851276 -0.0177452 -117.57
0.0846458 0.996065 -0.0263435 -6.72952
0.0199178 0.0247426 0.999495 25.1593
0 0 0 1

0.996444 -0.0817048 -0.0206202 -117.21
0.0808635 0.995972 -0.0387914 -6.94023
0.0237065 0.0369868 0.999035 25.6508
0 0 0 1

0.996626 -0.0787893 -0.0230367 -116.899
0.0775327 0.995681 -0.0511456 -7.09364
0.0269671 0.0491884 0.998427 26.0884
0 0 0 1

0.996784 -0.0767394 -0.0231234 -116.701
0.0751475 0.995169 -0.0632743 -7.13927
0.0278675 0.0613349 0.99773 26.2418
0 0 0 1

0.996716 -0.0758343 -0.0284142 -116.559
0.0735468 0.99452 -0.0743896 -7.09945
0.0339 0.0720576 0.996827 26.971
0 0 0 1

0.996573 -0.0763605 -0.0318285 -116.557
0.0733489 0.993514 -0.0869639 -6.86295
0.0382629 0.084333 0.995705 27.5489
0 0 0 1

0.996335 -0.0765143 -0.0382615 -116.494
0.0725557 0.992748 -0.0959117 -6.72747
0.0453227 0.0927857 0.994656 28.2521
0 0 0 1

0.996213 -0.0758713 -0.0424766 -116.38
0.0709952 0.991785 -0.106455 -6.67679
0.0502046 0.103038 0.993411 28.7817
0 0 0 1

0.996142 -0.0746783 -0.0460897 -116.196
0.0685388 0.990063 -0.122847 -6.67838
0.0548057 0.119216 0.991357 29.5702
0 0 0 1

0.996064 -0.0739178 -0.0489288 -116.065
0.0665676 0.988229 -0.1378 -6.62416
0.0585387 0.134002 0.989253 30.1912
0 0 0 1

0.995972 -0.0730874 -0.0519503 -115.935
0.0644044 0.986182 -0.152699 -6.60629
0.0623927 0.148739 0.986909 30.828
0 0 0 1

0.995791 -0.0719116 -0.0568331 -115.76
0.0615497 0.984086 -0.16675 -6.67436
0.0679196 0.162553 0.984362 31.6232
0 0 0 1

0.995561 -0.0712942 -0.0614661 -115.651
0.0593495 0.982244 -0.178028 -6.68831
0.0730668 0.173592 0.982106 32.2631
0 0 0 1

0.995542 -0.0677852 -0.0656032 -115.366
0.052721 0.976515 -0.20895 -7.12305
0.0782261 0.204562 0.975727 33.9646
0 0 0 1

0.995968 -0.0561317 -0.0699969 -114.596
0.03436 0.959286 -0.280377 -8.94899
0.082885 0.276844 0.957338 37.9125
0 0 0 1

0.99582 -0.0464811 -0.0786345 -114.036
0.0157049 0.935163 -0.353901 -11.2468
0.0899858 0.35119 0.931975 42.3401
0 0 0 1

0.995506 -0.0419866 -0.0848974 -113.835
0.00239439 0.907246 -0.420617 -13.2458
0.0946829 0.418526 0.903261 46.0473
0 0 0 1

0.995209 -0.0431507 -0.0877491 -113.951
-0.000925679 0.893177 -0.449729 -13.6899
0.0977816 0.447659 0.88885 47.5233
0 0 0 1

0.994854 -0.0448651 -0.0908605 -114.088
-0.00310244 0.882747 -0.469862 -13.8799
0.101287 0.46773 0.878057 48.5571
0 0 0 1

0.994415 -0.047337 -0.0943609 -114.275
-0.00445698 0.874217 -0.485538 -13.9122
0.105476 0.48325 0.869114 49.4546
0 0 0 1

0.994025 -0.0491208 -0.0975072 -114.408
-0.00642324 0.865228 -0.501362 -14.0375
0.108993 0.498997 0.859733 50.2883
0 0 0 1

0.992947 -0.0500773 -0.107483 -114.52
-0.0119053 0.85977 -0.510567 -14.472
0.117978 0.50825 0.853101 51.455
0 0 0 1

0.992544 -0.0520178 -0.110251 -114.666
-0.0134829 0.852009 -0.523377 -14.4953
0.12116 0.520965 0.844946 52.0993
0 0 0 1

0.992073 -0.0541828 -0.113405 -114.82
-0.0151568 0.844148 -0.535916 -14.5354
0.124768 0.533389 0.836627 52.7962
0 0 0 1

0.991599 -0.0554267 -0.116896 -114.907
-0.0177067 0.836932 -0.54704 -14.6444
0.128154 0.544517 0.828911 53.3942
0 0 0 1

0.991226 -0.057665 -0.118959 -115.05
-0.0185009 0.830492 -0.556742 -14.5087
0.130899 0.55406 0.82213 53.8329
0 0 0 1

0.991084 -0.0597458 -0.119111 -115.161
-0.0187109 0.822612 -0.568315 -14.3435
0.131936 0.565479 0.814152 54.1676
0 0 0 1

0.990914 -0.0627189 -0.118999 -115.319
-0.0177714 0.815864 -0.57799 -13.9932
0.133338 0.574855 0.807328 54.4535
0 0 0 1

0.990801 -0.0655247 -0.118431 -115.452
-0.0169687 0.807973 -0.588996 -13.7022
0.134282 0.58559 0.799419 54.7713
0 0 0 1

0.990781 -0.0704196 -0.115756 -115.734
-0.0137051 0.797872 -0.602692 -13.1693
0.134799 0.598724 0.789542 55.1823
0 0 0 1

0.990885 -0.0750813 -0.111865 -115.997
-0.00970668 0.788383 -0.615128 -12.5262
0.134376 0.610609 0.78046 55.4172
0 0 0 1

0.990356 -0.0785662 -0.114131 -116.232
-0.0112565 0.775367 -0.631429 -12.686
0.138102 0.626628 0.766997 56.4194
0 0 0 1

0.990516 -0.0805386 -0.11134 -116.323
-0.0105445 0.763315 -0.645959 -12.5351
0.137012 0.641009 0.755218 56.7447
0 0 0 1

0.991249 -0.0811434 -0.104139 -116.321
-0.00874308 0.746745 -0.665071 -12.4364
0.131731 0.660165 0.739493 56.8649
0 0 0 1

0.991272 -0.0822944 -0.103008 -116.327
-0.0096378 0.733972 -0.679127 -12.5403
0.131493 0.674195 0.726766 57.3253
0 0 0 1

0.991452 -0.0811029 -0.102217 -116.223
-0.0131032 0.717537 -0.696412 -13.0944
0.129826 0.691802 0.710334 57.8296
0 0 0 1

0.991205 -0.0734098 -0.110127 -115.72
-0.0282635 0.695489 -0.717997 -15.3103
0.1293 0.714797 0.68729 58.7827
0 0 0 1

0.991866 -0.0656161 -0.109096 -115.144
-0.0347103 0.6851 -0.727636 -16.0477
0.122486 0.725506 0.677243 58.23
0 0 0 1

0.99261 -0.0610604 -0.104891 -114.745
-0.0368553 0.671786 -0.739842 -16.3386
0.115639 0.738244 0.664564 57.817
0 0 0 1

0.993627 -0.0570444 -0.0972524 -114.36
-0.0357105 0.658939 -0.751363 -16.2037
0.106945 0.750051 0.652694 57.1189
0 0 0 1

0.994116 -0.0489463 -0.0966747 -113.729
-0.0425025 0.644548 -0.763397 -17.1011
0.0996772 0.763017 0.638666 56.6766
0 0 0 1

0.994965 -0.039454 -0.0921729 -112.994
-0.0455689 0.640942 -0.766251 -17.1139
0.0893096 0.766597 0.635908 55.2426
0 0 0 1

0.995965 -0.0322447 -0.0838069 -112.359
-0.0440705 0.637654 -0.769078 -16.5288
0.078239 0.769671 0.633651 53.6936
0 0 0 1

0.996521 -0.0240945 -0.0798456 -111.7
-0.0464408 0.634908 -0.771209 -16.4003
0.0692771 0.772237 0.63157 52.3619
0 0 0 1

0.997381 -0.0189914 -0.0698519 -111.209
-0.0421948 0.631559 -0.774195 -15.4169
0.0588198 0.775118 0.629095 50.8514
0 0 0 1

0.998112 -0.0122384 -0.0602599 -110.691
-0.0390103 0.631503 -0.774409 -14.4351
0.0475332 0.775301 0.629824 49.0427
0 0 0 1

0.998782 -0.00716716 -0.0489197 -110.338
-0.0333914 0.631913 -0.774338 -13.1044
0.0364644 0.775032 0.630894 47.2255
0 0 0 1

0.99916 -0.00396628 -0.0409182 -110.121
-0.029232 0.631297 -0.775011 -12.0166
0.0289073 0.775559 0.630639 45.9294
0 0 0 1

0.999366 -0.00369348 -0.0355555 -110.071
-0.0253873 0.626898 -0.778708 -11.134
0.0251678 0.77912 0.626396 45.3672
0 0 0 1

0.999486 -0.00250966 -0.0320989 -109.964
-0.023566 0.622277 -0.782464 -10.5236
0.0219404 0.782822 0.621887 44.891
0 0 0 1

0.999569 -0.00236132 -0.0294332 -109.918
-0.0217452 0.615474 -0.787877 -10.0048
0.019978 0.78818 0.615147 44.717
0 0 0 1

0.999603 -0.00159431 -0.0283206 -109.841
-0.0214341 0.61149 -0.79098 -9.5959
0.0185809 0.791276 0.611203 44.4766
0 0 0 1

0.999607 -0.000889724 -0.0282059 -109.759
-0.021921 0.604954 -0.795977 -9.38924
0.0177734 0.796285 0.604687 44.4541
0 0 0 1

0.999649 -0.000601759 -0.0266521 -109.701
-0.0209542 0.600311 -0.79951 -8.92084
0.0164827 0.799791 0.600079 44.2822
0 0 0 1

0.999629 0.000829699 -0.0273806 -109.561
-0.0225107 0.594435 -0.803847 -8.82843
0.0156109 0.804168 0.594224 44.2216
0 0 0 1

0.999597 0.00294189 -0.0284441 -109.345
-0.0247338 0.588129 -0.808407 -8.84566
0.0143526 0.808788 0.587955 44.1264
0 0 0 1

0.99957 0.00514809 -0.0290847 -109.123
-0.0266071 0.584464 -0.811002 -8.74049
0.0128259 0.811431 0.584339 43.8919
0 0 0 1

0.999525 0.00651491 -0.0303228 -108.946
-0.0284602 0.581184 -0.813293 -8.6157
0.0123266 0.813773 0.581083 43.7685
0 0 0 1

0.99947 0.00835886 -0.031664 -108.736
-0.0306721 0.577694 -0.815694 -8.55467
0.0114756 0.816236 0.577635 43.6049
0 0 0 1

0.999332 0.00924079 -0.0355657 -108.578
-0.034455 0.572001 -0.819546 -8.77227
0.0127717 0.820226 0.571927 43.8108
0 0 0 1

0.999152 0.0108046 -0.0399157 -108.366
-0.0390066 0.566664 -0.823043 -9.06396
0.0137276 0.823904 0.566594 43.9538
0 0 0 1

0.999094 0.0144251 -0.040219 -108.095
-0.0414981 0.551678 -0.833041 -9.50082
0.0101726 0.833957 0.551766 44.0174
0 0 0 1

0.998729 0.0166909 -0.0477076 -107.891
-0.0491745 0.53896 -0.84091 -10.4626
0.0116783 0.84219 0.539086 44.5697
0 0 0 1

0.998466 0.0177036 -0.0525869 -107.786
-0.0540125 0.527054 -0.848128 -11.0659
0.0127027 0.84967 0.527193 45.0322
0 0 0 1

0.99798 0.0210208 -0.0600715 -107.596
-0.0623311 0.513435 -0.855876 -12.1474
0.0128533 0.857894 0.5137 45.4794
0 0 0 1

0.997481 0.0197296 -0.068247 -107.656
-0.0688136 0.506987 -0.859217 -12.6957
0.0176498 0.86175 0.507059 46.1802
0 0 0 1

0.996961 0.0194453 -0.0755345 -107.692
-0.0751942 0.496859 -0.864582 -13.3732
0.020719 0.867636 0.496802 46.8435
0 0 0 1

0.996507 0.0155091 -0.0821489 -107.967
-0.0791502 0.491311 -0.867394 -13.5629
0.026909 0.870867 0.490814 47.701
0 0 0 1

0.995909 0.013563 -0.0894239 -108.131
-0.0847868 0.484227 -0.870838 -14.0178
0.0314911 0.874858 0.483388 48.4364
0 0 0 1

0.995373 0.00949948 -0.0956946 -108.386
-0.0885614 0.478345 -0.873709 -14.2124
0.0374759 0.878141 0.476965 49.2809
0 0 0 1

0.994831 0.00329661 -0.101572 -108.797
-0.0909463 0.474866 -0.875359 -14.1312
0.045348 0.880072 0.472704 50.2623
0 0 0 1

0.994243 0.000949092 -0.107223 -109.014
-0.0956032 0.460651 -0.882431 -14.8037
0.0485555 0.887603 0.458081 51.117
0 0 0 1

0.993702 -0.00119896 -0.112124 -109.271
-0.0998063 0.446279 -0.889324 -15.3875
0.0511049 0.894914 0.44334 51.9235
0 0 0 1

0.993132 -0.0160627 -0.115961 -110.223
-0.0961105 0.45368 -0.88598 -14.0688
0.0668404 0.89104 0.449013 53.3817
0 0 0 1

0.992324 -0.0246879 -0.121242 -110.863
-0.0971088 0.451827 -0.886818 -13.7141
0.0766738 0.891785 0.445954 54.5434
0 0 0 1

0.99163 -0.0325956 -0.124994 -111.436
-0.0974366 0.446534 -0.88946 -13.4179
0.0848064 0.894195 0.439613 55.6351
0 0 0 1

0.991035 -0.0420068 -0.126895 -112.097
-0.0956637 0.440141 -0.892833 -12.9227
0.0933566 0.89697 0.432169 56.7948
0 0 0 1

0.99058 -0.0447538 -0.129483 -112.357
-0.0988414 0.420989 -0.901679 -13.5598
0.0948642 0.905986 0.412591 57.6548
0 0 0 1

0.990246 -0.0492162 -0.130418 -112.712
-0.0995056 0.405635 -0.908617 -13.7796
0.0976204 0.912735 0.396773 58.4858
0 0 0 1

0.98993 -0.0546234 -0.130665 -113.115
-0.0992132 0.390912 -0.915079 -13.8245
0.101062 0.918831 0.381549 59.3657
0 0 0 1

0.989161 -0.0552169 -0.136133 -113.244
-0.106011 0.373219 -0.92168 -14.8449
0.101699 0.926125 0.363312 60.0338
0 0 0 1

0.989283 -0.055571 -0.135095 -113.298
-0.107542 0.348825 -0.931011 -15.5579
0.0988616 0.935566 0.339102 60.4983
0 0 0 1

0.98925 -0.0579893 -0.134321 -113.434
-0.108052 0.329399 -0.938001 -15.9066
0.0986393 0.942436 0.319585 61.0601
0 0 0 1

0.989104 -0.0598093 -0.134594 -113.52
-0.109299 0.314474 -0.942966 -16.1155
0.0987246 0.947407 0.304504 61.4978
0 0 0 1

0.988869 -0.0629807 -0.13488 -113.696
-0.109154 0.309296 -0.944694 -15.6843
0.101215 0.948904 0.298972 61.9328
0 0 0 1

0.989359 -0.0655649 -0.129964 -113.78
-0.104972 0.297189 -0.949043 -15.106
0.100847 0.952588 0.287139 62.2399
0 0 0 1

0.989118 -0.0680534 -0.130511 -113.864
-0.106691 0.279342 -0.954257 -15.486
0.101397 0.9578 0.269036 62.8044
0 0 0 1

0.988786 -0.0699685 -0.132005 -113.911
-0.110292 0.254149 -0.960866 -16.4616
0.100778 0.964652 0.243578 63.4183
0 0 0 1

0.988337 -0.0722297 -0.134128 -114.031
-0.115097 0.222755 -0.968067 -17.9106
0.0998004 0.972216 0.211841 64.1216
0 0 0 1

0.987381 -0.073243 -0.140471 -114.126
-0.128154 0.151979 -0.98005 -22.3099
0.0931297 0.985686 0.140673 64.9106
0 0 0 1

0.98633 -0.0767305 -0.145887 -114.436
-0.1342 0.140104 -0.981009 -23.0095
0.0957116 0.987177 0.12789 65.5054
0 0 0 1

0.984828 -0.082409 -0.152777 -114.975
-0.141688 0.126832 -0.981761 -23.9645
0.100282 0.988512 0.113229 66.3819
0 0 0 1

0.982968 -0.0877773 -0.161523 -115.514
-0.150069 0.124331 -0.980835 -24.5103
0.106176 0.988368 0.109038 67.1885
0 0 0 1

0.981014 -0.0917903 -0.170899 -115.91
-0.159463 0.120095 -0.979881 -25.2511
0.110466 0.988527 0.103176 67.8453
0 0 0 1

0.979085 -0.095736 -0.179574 -116.302
-0.168404 0.11423 -0.979086 -25.9914
0.114245 0.988848 0.0957171 68.4703
0 0 0 1

0.977247 -0.0979199 -0.188201 -116.554
-0.177416 0.109203 -0.978067 -26.7148
0.116322 0.989201 0.0893437 68.8717
0 0 0 1

0.974208 -0.103186 -0.200725 -117.076
-0.187868 0.122114 -0.974582 -26.7661
0.125072 0.987154 0.0995772 69.8339
0 0 0 1

0.970936 -0.107434 -0.213918 -117.54
-0.198733 0.13641 -0.970522 -26.8121
0.133445 0.984826 0.111093 70.7092
0 0 0 1

0.967869 -0.112282 -0.225039 -118.003
-0.207052 0.152168 -0.966432 -26.4849
0.142754 0.981973 0.124028 71.6434
0 0 0 1


39
1.70755e-06
63.0802
-186.894 -26.8755 33.965
-186.407 -30.3476 35.0291
-186.403 -30.3772 35.0381
-186.383 -30.5514 35.0916
-186.365 -30.7351 35.1481
-186.362 -30.7676 35.1581
-186.335 -31.1011 35.2607
-186.309 -31.4735 35.3754
-186.286 -31.8501 35.4915
-186.265 -32.2283 35.6081
-186.246 -32.6051 35.7243
-186.228 -32.9773 35.8391
-186.227 -32.9918 35.8435
-186.218 -33.3401 35.9511
-186.207 -33.8202 36.0995
-186.206 -33.995 36.1535
-186.215 -34.3564 36.2656
-186.22 -34.5414 36.3229
-186.225 -34.6982 36.3715
-186.236 -34.8841 36.4293
-186.244 -35.0032 36.4663
-186.257 -35.1416 36.5094
-186.275 -35.2592 36.5462
-186.893 -37.887 37.3726
-186.942 -38.0969 37.4386
-186.967 -38.1888 37.4676
-187.072 -38.4808 37.5602
-187.173 -38.7122 37.6339
-187.222 -38.8149 37.6668
-187.267 -38.9043 37.6954
-187.395 -39.1531 37.7751
-189.727 -43.5693 39.1915
-189.734 -43.5809 39.1952
-189.748 -43.6051 39.203
-189.93 -43.8964 39.297
-190.198 -44.3037 39.4288
-190.52 -44.775 39.5814
-214.804 -78.8818 50.6536
-214.822 -78.896 50.6584

36
0
62.1545
-186.894 -26.8755 33.965
-186.502 -30.2153 34.3
-186.472 -30.515 34.3302
-186.463 -30.6188 34.3406
-186.44 -30.8889 34.3679
-186.412 -31.2691 34.4063
-186.386 -31.6542 34.4453
-186.363 -32.042 34.4845
-186.34 -32.4293 34.5238
-186.318 -32.8125 34.5626
-186.297 -33.1891 34.6008
-186.279 -33.5573 34.6382
-186.275 -33.6804 34.6507
-186.267 -33.9203 34.6751
-186.263 -34.2865 34.7125
-186.268 -34.6602 34.7508
-186.268 -34.6783 34.7527
-186.277 -34.8495 34.7703
-186.288 -35.0519 34.7912
-186.341 -35.5213 34.8401
-186.405 -35.9852 34.8887
-186.806 -38.33 35.1353
-186.822 -38.4072 35.1435
-186.863 -38.5646 35.1603
-186.889 -38.6448 35.169
-186.98 -38.8835 35.1949
-187.055 -39.0317 35.2113
-187.133 -39.1843 35.2283
-187.166 -39.2473 35.2353
-189.627 -43.9056 35.7535
-189.636 -43.9217 35.7553
-189.774 -44.1473 35.7807
-190.054 -44.5739 35.829
-190.118 -44.6615 35.8391
-193.748 -49.5175 36.3973
-216.085 -79.1756 39.809

0
0
0

39
0.959201
63.0594
-186.894 -26.8755 33.965
-186.412 -30.3405 34.9897
-186.406 -30.3841 35.0026
-186.376 -30.6486 35.0809
-186.367 -30.7428 35.1088
-186.366 -30.759 35.1136
-186.338 -31.1096 35.2176
-186.312 -31.4827 35.3284
-186.289 -31.8599 35.4404
-186.268 -32.2386 35.5528
-186.249 -32.6158 35.6649
-186.231 -32.9882 35.7755
-186.225 -33.1265 35.8166
-186.219 -33.351 35.8834
-186.209 -33.8042 36.0182
-186.208 -34.0115 36.0799
-186.216 -34.372 36.1874
-186.22 -34.527 36.2336
-186.226 -34.7144 36.2895
-186.235 -34.8716 36.3365
-186.246 -35.0235 36.3819
-186.257 -35.1363 36.4156
-186.281 -35.2971 36.4639
-186.883 -37.8876 37.2443
-186.945 -38.1496 37.3232
-186.956 -38.1921 37.3361
-187.059 -38.4873 37.4255
-187.192 -38.7934 37.5187
-187.208 -38.8266 37.5288
-187.223 -38.855 37.5375
-187.378 -39.1593 37.6304
-189.685 -43.5505 38.9725
-189.718 -43.6093 38.9904
-189.793 -43.7329 39.0284
-189.901 -43.9081 39.0822
-190.089 -44.1922 39.1696
-190.472 -44.7497 39.3413
-214.777 -79.1024 49.9332
-214.795 -79.1166 49.9377

35
0.987647
61.9691
-186.894 -26.8755 33.965
-186.507 -30.2092 34.2663
-186.476 -30.5219 34.2946
-186.468 -30.612 34.3028
-186.444 -30.8966 34.3286
-186.416 -31.2775 34.3632
-186.391 -31.6633 34.3983
-186.367 -32.0516 34.4336
-186.345 -32.4393 34.4689
-186.323 -32.8229 34.5038
-186.302 -33.1998 34.5381
-186.284 -33.5686 34.5717
-186.271 -33.9328 34.605
-186.268 -34.215 34.6308
-186.267 -34.3007 34.6387
-186.268 -34.3776 34.6457
-186.272 -34.6759 34.6731
-186.294 -35.0705 34.7095
-186.346 -35.5398 34.7531
-186.41 -36.0119 34.797
-186.8 -38.3433 35.0148
-186.809 -38.3866 35.0189
-186.86 -38.5857 35.0377
-186.878 -38.6412 35.043
-186.97 -38.8868 35.0665
-187.085 -39.1138 35.0885
-187.13 -39.2015 35.097
-187.148 -39.2374 35.1005
-189.625 -43.8972 35.5541
-189.665 -43.9683 35.5611
-189.765 -44.1324 35.5772
-190.013 -44.5097 35.6144
-190.06 -44.5787 35.6213
-190.124 -44.6665 35.63
-215.901 -79.1601 39.0678

0
0
0

38
1.91858
63.0277
-186.894 -26.8755 33.965
-186.417 -30.3334 34.9506
-186.41 -30.391 34.9671
-186.369 -30.7507 35.0697
-186.34 -31.1181 35.1746
-186.315 -31.4919 35.2813
-186.292 -31.8697 35.3893
-186.272 -32.2489 35.4976
-186.252 -32.6264 35.6055
-186.235 -32.9991 35.712
-186.223 -33.2668 35.7886
-186.22 -33.3618 35.8157
-186.211 -33.7884 35.9377
-186.209 -34.028 36.0063
-186.217 -34.3875 36.1093
-186.22 -34.5127 36.1452
-186.227 -34.7305 36.2076
-186.235 -34.8591 36.2444
-186.248 -35.0438 36.2974
-186.256 -35.1311 36.3225
-186.283 -35.3124 36.3746
-186.286 -35.3283 36.3792
-186.398 -35.8196 36.5207
-186.873 -37.8883 37.1168
-186.945 -38.1957 37.2055
-186.947 -38.2042 37.2079
-187.047 -38.4937 37.2916
-187.191 -38.8291 37.3888
-187.233 -38.914 37.4135
-187.361 -39.1656 37.4866
-189.643 -43.5319 38.7557
-189.701 -43.6375 38.7864
-189.837 -43.8621 38.8519
-189.873 -43.9198 38.8687
-189.933 -44.0112 38.8954
-190.424 -44.7247 39.1037
-214.738 -79.3074 49.2085
-214.757 -79.3215 49.2127

33
1.97475
61.7731
-186.894 -26.8755 33.965
-186.511 -30.2031 34.2326
-186.479 -30.5289 34.2589
-186.472 -30.6051 34.265
-186.448 -30.9044 34.2891
-186.42 -31.286 34.3199
-186.395 -31.6724 34.351
-186.372 -32.0613 34.3824
-186.35 -32.4495 34.4138
-186.328 -32.8333 34.4447
-186.307 -33.2105 34.4752
-186.289 -33.58 34.505
-186.277 -33.9453 34.5345
-186.272 -34.3147 34.5644
-186.277 -34.6917 34.595
-186.299 -35.0891 34.6273
-186.351 -35.5585 34.6655
-186.414 -36.0389 34.7047
-186.793 -38.3567 34.8941
-186.795 -38.366 34.8949
-186.857 -38.607 34.9147
-186.867 -38.6376 34.9172
-186.961 -38.8901 34.9381
-187.115 -39.1972 34.9637
-187.126 -39.2187 34.9655
-187.131 -39.2274 34.9662
-189.624 -43.8889 35.3552
-189.693 -44.0151 35.3657
-189.756 -44.1175 35.3743
-189.98 -44.4553 35.4027
-190.095 -44.624 35.4169
-190.13 -44.6716 35.4209
-215.706 -79.1287 38.3297

0
0
0

39
2.4829
62.9589
-186.894 -26.8755 33.965
-186.42 -30.3289 34.926
-186.412 -30.3954 34.9445
-186.373 -30.7455 35.042
-186.372 -30.7554 35.0448
-186.366 -30.8196 35.0626
-186.342 -31.1235 35.1473
-186.317 -31.4977 35.2516
-186.294 -31.8759 35.357
-186.274 -32.2553 35.4628
-186.255 -32.6331 35.5681
-186.237 -33.0059 35.672
-186.221 -33.3584 35.7703
-186.221 -33.3686 35.7731
-186.212 -33.7785 35.8874
-186.21 -34.0384 35.96
-186.217 -34.3973 36.0602
-186.22 -34.5038 36.0899
-186.228 -34.7407 36.156
-186.234 -34.8513 36.1869
-186.249 -35.0565 36.2443
-186.256 -35.1279 36.2642
-186.278 -35.2749 36.3054
-186.288 -35.3335 36.3218
-186.404 -35.8657 36.4709
-186.867 -37.8886 37.0378
-186.939 -38.1988 37.1248
-186.952 -38.2447 37.1376
-187.039 -38.4977 37.2087
-187.179 -38.8256 37.3009
-187.271 -39.012 37.3535
-187.35 -39.1694 37.3978
-189.618 -43.5206 38.6241
-189.692 -43.6547 38.6619
-189.847 -43.9122 38.7346
-189.855 -43.9255 38.7384
-190.394 -44.707 38.9593
-214.829 -79.2914 48.7406
-214.848 -79.3056 48.7447

32
2.60448
61.6312
-186.894 -26.8755 33.965
-186.514 -30.1992 34.2109
-186.481 -30.5334 34.2356
-186.475 -30.6007 34.2406
-186.45 -30.9095 34.2634
-186.423 -31.2916 34.2917
-186.398 -31.6783 34.3203
-186.375 -32.0676 34.3492
-186.353 -32.4561 34.3779
-186.331 -32.8401 34.4063
-186.311 -33.2175 34.4343
-186.293 -33.5874 34.4617
-186.28 -33.9534 34.4888
-186.276 -34.3238 34.5162
-186.281 -34.702 34.5442
-186.303 -35.1013 34.5738
-186.354 -35.5707 34.6086
-186.417 -36.0564 34.6447
-186.781 -38.3081 34.8118
-186.79 -38.3622 34.8158
-186.815 -38.4641 34.8234
-186.855 -38.6207 34.8351
-186.86 -38.6353 34.8361
-186.954 -38.8922 34.8553
-187.119 -39.2198 34.8797
-189.623 -43.8835 35.2274
-189.712 -44.0454 35.2395
-189.75 -44.108 35.2442
-189.959 -44.4206 35.2675
-190.119 -44.6534 35.2849
-190.134 -44.6748 35.2865
-215.672 -79.0149 37.8536

0
0
0

39
3.10035
63.0043
-186.894 -26.8755 33.965
-186.424 -30.3242 34.9001
-186.414 -30.4001 34.9207
-186.377 -30.7402 35.0129
-186.375 -30.7606 35.0184
-186.362 -30.8951 35.0549
-186.344 -31.1292 35.1184
-186.319 -31.5039 35.2201
-186.296 -31.8824 35.3228
-186.276 -32.2622 35.4258
-186.257 -32.6402 35.5284
-186.239 -33.0132 35.6296
-186.223 -33.3761 35.728
-186.22 -33.4571 35.75
-186.213 -33.768 35.8344
-186.211 -34.0494 35.9108
-186.218 -34.4077 36.008
-186.22 -34.4944 36.0316
-186.229 -34.7515 36.1014
-186.234 -34.8431 36.1262
-186.25 -35.0701 36.1879
-186.255 -35.1244 36.2026
-186.272 -35.2357 36.2329
-186.29 -35.339 36.2609
-186.412 -35.9151 36.4175
-186.86 -37.889 36.9542
-186.932 -38.2021 37.0393
-186.958 -38.2879 37.0627
-187.031 -38.502 37.1209
-187.166 -38.8219 37.208
-187.311 -39.1179 37.2886
-187.339 -39.1734 37.3037
-189.591 -43.5087 38.4848
-189.681 -43.6731 38.5296
-189.784 -43.8443 38.5763
-189.838 -43.9259 38.5985
-190.346 -44.6634 38.7997
-214.967 -79.3818 48.2711
-214.986 -79.396 48.275

31
3.25548
61.6496
-186.894 -26.8755 33.965
-186.517 -30.1951 34.1887
-186.484 -30.5381 34.2118
-186.479 -30.5962 34.2157
-186.453 -30.9147 34.2371
-186.426 -31.2972 34.2628
-186.402 -31.6844 34.2889
-186.378 -32.0741 34.3151
-186.356 -32.4628 34.3412
-186.334 -32.847 34.367
-186.314 -33.2246 34.3924
-186.296 -33.595 34.4173
-186.284 -33.9618 34.4419
-186.279 -34.333 34.4668
-186.284 -34.7125 34.4923
-186.306 -35.1137 34.5191
-186.357 -35.5831 34.5504
-186.42 -36.0743 34.5832
-186.761 -38.2158 34.7258
-186.786 -38.3654 34.7357
-186.853 -38.634 34.7536
-186.855 -38.6388 34.7539
-186.948 -38.8944 34.7707
-187.107 -39.2109 34.7915
-189.621 -43.878 35.0971
-189.731 -44.0765 35.1101
-189.745 -44.0982 35.1115
-189.938 -44.3854 35.1302
-189.967 -44.4278 35.1329
-190.136 -44.6742 35.1489
-215.709 -79.044 37.3785

0
0
0

38
3.71982
63.0486
-186.894 -26.8755 33.965
-186.427 -30.3195 34.8744
-186.417 -30.4047 34.8969
-186.38 -30.735 34.9841
-186.377 -30.7658 34.9922
-186.358 -30.9733 35.047
-186.346 -31.1349 35.0896
-186.321 -31.51 35.1886
-186.298 -31.889 35.2887
-186.278 -32.2691 35.389
-186.259 -32.6473 35.4888
-186.241 -33.0204 35.5873
-186.225 -33.3835 35.6831
-186.218 -33.5581 35.7292
-186.214 -33.7577 35.7818
-186.212 -34.0604 35.8617
-186.218 -34.418 35.9561
-186.22 -34.4851 35.9738
-186.23 -34.7622 36.0469
-186.234 -34.8349 36.066
-186.251 -35.0836 36.1316
-186.255 -35.121 36.1415
-186.266 -35.197 36.1615
-186.291 -35.3444 36.2004
-186.419 -35.9647 36.3639
-186.854 -37.8894 36.871
-186.926 -38.2053 36.9543
-186.963 -38.3313 36.9875
-187.023 -38.5062 37.0335
-187.154 -38.8182 37.1157
-187.325 -39.169 37.208
-189.603 -43.568 38.3652
-189.671 -43.6913 38.3977
-189.722 -43.7774 38.4203
-189.82 -43.9262 38.4595
-190.298 -44.6203 38.6419
-215.101 -79.4693 47.7999
-215.12 -79.4834 47.8036

31
3.9069
61.6665
-186.894 -26.8755 33.965
-186.52 -30.1911 34.1666
-186.486 -30.5427 34.1879
-186.482 -30.5917 34.1909
-186.455 -30.9199 34.2108
-186.429 -31.3029 34.2339
-186.405 -31.6905 34.2574
-186.382 -32.0805 34.2809
-186.359 -32.4696 34.3045
-186.338 -32.854 34.3277
-186.317 -33.2318 34.3505
-186.3 -33.6025 34.3729
-186.287 -33.9701 34.395
-186.283 -34.3423 34.4174
-186.288 -34.7231 34.4402
-186.31 -35.1261 34.4643
-186.36 -35.5955 34.4921
-186.423 -36.0923 34.5215
-186.743 -38.1254 34.6414
-186.782 -38.3687 34.6558
-186.849 -38.6407 34.6716
-186.866 -38.6893 34.6744
-186.942 -38.8966 34.6864
-187.095 -39.2021 34.7037
-189.62 -43.8726 34.967
-189.711 -44.0362 34.9762
-189.74 -44.0871 34.979
-189.749 -44.1023 34.9799
-189.92 -44.3524 34.9937
-190.13 -44.6573 35.0106
-215.742 -79.0703 36.903

0
0
0

38
4.33109
62.8764
-186.894 -26.8755 33.965
-186.43 -30.3147 34.8475
-186.419 -30.4096 34.8719
-186.384 -30.7296 34.954
-186.38 -30.7712 34.9646
-186.354 -31.0584 35.0383
-186.348 -31.1408 35.0594
-186.347 -31.1533 35.0626
-186.323 -31.5165 35.1557
-186.301 -31.8958 35.2529
-186.28 -32.2762 35.3504
-186.261 -32.6547 35.4474
-186.244 -33.028 35.543
-186.228 -33.3913 35.6361
-186.217 -33.6669 35.7067
-186.215 -33.7469 35.7272
-186.213 -34.072 35.8104
-186.219 -34.4288 35.9018
-186.22 -34.4754 35.9137
-186.23 -34.7735 35.9899
-186.233 -34.8264 36.0035
-186.253 -35.0977 36.0728
-186.254 -35.1174 36.0779
-186.26 -35.1572 36.088
-186.293 -35.3501 36.1373
-186.422 -35.9891 36.3003
-186.847 -37.8898 36.7849
-186.919 -38.2087 36.8662
-186.969 -38.3766 36.9089
-187.014 -38.5106 36.943
-187.14 -38.8144 37.0202
-187.306 -39.154 37.1064
-189.66 -43.71 38.2619
-189.66 -43.7104 38.262
-189.802 -43.9266 38.3167
-190.249 -44.5764 38.4809
-215.228 -79.303 47.2557
-215.247 -79.3172 47.2593

32
4.62495
61.415
-186.894 -26.8755 33.965
-186.523 -30.1867 34.142
-186.489 -30.5479 34.1612
-186.485 -30.5868 34.1633
-186.458 -30.9257 34.1813
-186.432 -31.3093 34.2016
-186.408 -31.6973 34.2221
-186.385 -32.0878 34.2428
-186.363 -32.4771 34.2633
-186.341 -32.8618 34.2837
-186.321 -33.2398 34.3036
-186.304 -33.611 34.3232
-186.291 -33.9794 34.3426
-186.287 -34.3527 34.3621
-186.292 -34.7348 34.382
-186.314 -35.14 34.403
-186.363 -35.6094 34.4269
-186.427 -36.1124 34.4525
-186.719 -38.0114 34.5485
-186.722 -38.0266 34.5492
-186.777 -38.3723 34.5667
-186.844 -38.6483 34.5804
-186.879 -38.7461 34.5851
-186.935 -38.899 34.5925
-187.081 -39.1922 34.6062
-189.619 -43.8665 34.8225
-189.639 -43.9027 34.8242
-189.738 -44.0729 34.832
-189.769 -44.1245 34.8343
-189.899 -44.316 34.8429
-190.123 -44.6385 34.8573
-215.761 -78.7701 36.359

0
0
0

40
5.07347
62.9268
-186.894 -26.8755 33.965
-186.434 -30.3092 34.8174
-186.422 -30.4151 34.8436
-186.389 -30.7235 34.9201
-186.383 -30.7774 34.9335
-186.35 -31.146 35.0248
-186.35 -31.1476 35.0252
-186.349 -31.1587 35.028
-186.325 -31.5237 35.1184
-186.303 -31.9036 35.2124
-186.283 -32.2844 35.3067
-186.264 -32.6631 35.4004
-186.246 -33.0365 35.4929
-186.23 -33.4002 35.5828
-186.217 -33.7352 35.6657
-186.217 -33.7441 35.6679
-186.215 -33.8694 35.6989
-186.214 -34.085 35.7522
-186.22 -34.4411 35.8401
-186.22 -34.4645 35.8459
-186.231 -34.7862 35.9253
-186.233 -34.8168 35.9328
-186.254 -35.1093 36.0049
-186.254 -35.1134 36.0059
-186.254 -35.1139 36.0061
-186.295 -35.3566 36.0657
-186.424 -36.0075 36.2254
-186.839 -37.8903 36.6869
-186.911 -38.2125 36.7659
-186.975 -38.4286 36.8188
-187.004 -38.5155 36.84
-187.125 -38.8101 36.9117
-187.285 -39.137 36.9911
-189.647 -43.718 38.1024
-189.68 -43.7716 38.1153
-189.782 -43.9271 38.1529
-189.908 -44.1121 38.1975
-190.193 -44.5262 38.2973
-215.396 -79.386 46.691
-215.415 -79.4002 46.6943

32
5.40004
61.4364
-186.894 -26.8755 33.965
-186.526 -30.182 34.116
-186.526 -30.1828 34.116
-186.525 -30.1936 34.1165
-186.491 -30.5534 34.1328
-186.489 -30.5815 34.1341
-186.461 -30.9319 34.1499
-186.435 -31.316 34.1672
-186.412 -31.7046 34.1847
-186.389 -32.0955 34.2022
-186.367 -32.4852 34.2197
-186.345 -32.87 34.2369
-186.325 -33.2483 34.2538
-186.308 -33.62 34.2704
-186.295 -33.9893 34.2869
-186.291 -34.3638 34.3034
-186.296 -34.7474 34.3202
-186.319 -35.1548 34.3377
-186.367 -35.6242 34.3576
-186.43 -36.1339 34.379
-186.72 -38.0461 34.4586
-186.773 -38.3761 34.4722
-186.839 -38.6563 34.4835
-186.893 -38.8069 34.4893
-186.927 -38.9015 34.4929
-187.067 -39.1818 34.5031
-189.638 -43.8906 34.6702
-189.736 -44.0578 34.676
-189.789 -44.1482 34.6791
-189.877 -44.2775 34.6835
-190.116 -44.6187 34.6947
-215.848 -78.754 35.796

0
0
0

38
5.81852
62.9754
-186.894 -26.8755 33.965
-186.438 -30.3038 34.7874
-186.425 -30.4206 34.8154
-186.393 -30.7174 34.8866
-186.386 -30.7835 34.9024
-186.353 -31.1543 34.9911
-186.345 -31.2614 35.0168
-186.327 -31.531 35.0812
-186.306 -31.9113 35.1721
-186.285 -32.2925 35.2631
-186.266 -32.6715 35.3536
-186.249 -33.0451 35.4429
-186.233 -33.409 35.5298
-186.221 -33.7241 35.605
-186.22 -33.754 35.6121
-186.216 -34.0975 35.694
-186.22 -34.4365 35.7747
-186.22 -34.4533 35.7787
-186.232 -34.7989 35.8609
-186.232 -34.8074 35.8629
-186.238 -34.8855 35.8814
-186.256 -35.1087 35.9344
-186.26 -35.1416 35.9421
-186.297 -35.363 35.9944
-186.426 -36.0259 36.1507
-186.832 -37.8908 36.5897
-186.904 -38.2163 36.6663
-186.982 -38.4808 36.7283
-186.995 -38.5205 36.7376
-187.11 -38.8058 36.8041
-187.264 -39.1202 36.877
-189.634 -43.726 37.9437
-189.699 -43.833 37.9684
-189.761 -43.9275 37.9901
-189.922 -44.1625 38.044
-190.139 -44.4767 38.1161
-215.56 -79.4636 46.1241
-215.579 -79.4779 46.1273

33
6.17686
61.4562
-186.894 -26.8755 33.965
-186.531 -30.1774 34.0901
-186.53 -30.1877 34.0905
-186.516 -30.328 34.0957
-186.494 -30.559 34.1044
-186.493 -30.5762 34.1051
-186.465 -30.938 34.1185
-186.439 -31.3228 34.1328
-186.415 -31.7118 34.1471
-186.393 -32.1031 34.1615
-186.371 -32.4932 34.1759
-186.349 -32.8783 34.1901
-186.329 -33.2568 34.204
-186.312 -33.629 34.2176
-186.3 -33.9992 34.2311
-186.295 -34.3748 34.2445
-186.3 -34.7599 34.2582
-186.323 -35.1697 34.2723
-186.37 -35.639 34.2881
-186.434 -36.1554 34.3053
-186.72 -38.0778 34.3681
-186.768 -38.3799 34.3779
-186.834 -38.6643 34.3868
-186.907 -38.8684 34.3926
-186.92 -38.9041 34.3936
-187.052 -39.1715 34.4005
-187.1 -39.2578 34.4026
-189.665 -43.9262 34.5177
-189.733 -44.0427 34.5205
-189.809 -44.172 34.5236
-189.855 -44.2393 34.525
-190.109 -44.5989 34.5328
-215.931 -78.7327 35.2323

0
0
0

37
6.56599
63.023
-186.894 -26.8755 33.965
-186.442 -30.2984 34.7578
-186.427 -30.426 34.7873
-186.397 -30.7114 34.8533
-186.389 -30.7896 34.8714
-186.357 -31.1609 34.9571
-186.341 -31.3687 35.0051
-186.33 -31.5383 35.0441
-186.308 -31.919 35.1319
-186.288 -32.3006 35.2197
-186.269 -32.6798 35.307
-186.252 -33.0536 35.3931
-186.236 -33.4178 35.4769
-186.224 -33.7131 35.5448
-186.222 -33.7639 35.5565
-186.219 -34.1088 35.6357
-186.223 -34.4657 35.7175
-186.234 -34.7988 35.7937
-186.234 -34.8131 35.797
-186.258 -35.1041 35.8633
-186.265 -35.1692 35.8781
-186.3 -35.3694 35.9235
-186.427 -36.0443 36.0761
-186.824 -37.8912 36.4931
-186.896 -38.2201 36.5673
-186.985 -38.524 36.6355
-186.986 -38.5272 36.6362
-186.99 -38.5374 36.6385
-187.096 -38.8016 36.6973
-187.243 -39.1036 36.7641
-189.621 -43.734 37.7859
-189.719 -43.8945 37.821
-189.741 -43.9279 37.8283
-189.852 -44.0909 37.8638
-190.167 -44.5402 37.9615
-215.72 -79.536 45.5555
-215.739 -79.5502 45.5584

33
6.955
61.475
-186.894 -26.8755 33.965
-186.535 -30.1729 34.0643
-186.533 -30.1927 34.0649
-186.505 -30.4737 34.0732
-186.497 -30.5645 34.0759
-186.496 -30.571 34.0761
-186.468 -30.9442 34.0871
-186.442 -31.3295 34.0983
-186.419 -31.7191 34.1095
-186.397 -32.1109 34.1208
-186.375 -32.5013 34.1321
-186.353 -32.8866 34.1432
-186.333 -33.2653 34.1541
-186.316 -33.638 34.1647
-186.304 -34.0092 34.1752
-186.299 -34.3859 34.1856
-186.305 -34.7725 34.1961
-186.328 -35.1845 34.2068
-186.374 -35.6539 34.2186
-186.438 -36.177 34.2313
-186.72 -38.1096 34.2774
-186.764 -38.3837 34.2838
-186.829 -38.6722 34.2901
-186.911 -38.9046 34.2945
-186.916 -38.9152 34.2946
-187.038 -39.1612 34.2984
-187.095 -39.2644 34.2998
-189.693 -43.9619 34.3646
-189.731 -44.0277 34.3654
-189.83 -44.1957 34.3676
-189.834 -44.2014 34.3677
-190.102 -44.5792 34.3714
-216.01 -78.7062 34.6684

0
0
0

37
7.31941
63.0051
-186.894 -26.8755 33.965
-186.446 -30.293 34.7279
-186.43 -30.4316 34.7588
-186.401 -30.7054 34.8198
-186.392 -30.7958 34.8399
-186.36 -31.1677 34.9226
-186.336 -31.4828 34.9926
-186.332 -31.5456 35.0065
-186.311 -31.9268 35.091
-186.29 -32.3088 35.1757
-186.272 -32.6883 35.2597
-186.254 -33.0623 35.3426
-186.238 -33.4267 35.4233
-186.228 -33.7021 35.4842
-186.225 -33.7739 35.5001
-186.222 -34.1202 35.5765
-186.226 -34.4782 35.6554
-186.236 -34.7908 35.7241
-186.238 -34.8285 35.7323
-186.26 -35.0995 35.7916
-186.271 -35.1974 35.813
-186.302 -35.3759 35.8517
-186.429 -36.0629 36.0005
-186.817 -37.8917 36.3955
-186.889 -38.2239 36.4673
-186.974 -38.52 36.5308
-186.981 -38.5433 36.5357
-187.009 -38.6175 36.5515
-187.081 -38.7973 36.5896
-187.222 -39.0869 36.6505
-189.608 -43.742 37.6266
-189.667 -43.8388 37.6467
-189.734 -43.9445 37.6685
-190.2 -44.6106 37.8056
-193.754 -49.4771 38.8036
-215.876 -79.5265 44.9624
-215.895 -79.5407 44.9651

34
7.76442
61.4167
-186.894 -26.8755 33.965
-186.539 -30.1682 34.0376
-186.536 -30.1978 34.0382
-186.501 -30.5657 34.0462
-186.5 -30.5703 34.0463
-186.494 -30.6445 34.0479
-186.471 -30.9507 34.0544
-186.446 -31.3366 34.0624
-186.423 -31.7267 34.0705
-186.401 -32.1189 34.0785
-186.379 -32.5096 34.0865
-186.358 -32.8952 34.0945
-186.338 -33.2741 34.1022
-186.32 -33.6474 34.1098
-186.308 -34.0195 34.1171
-186.304 -34.3974 34.1244
-186.309 -34.7855 34.1316
-186.332 -35.2 34.1387
-186.378 -35.6693 34.1462
-186.442 -36.1994 34.1544
-186.72 -38.1428 34.1829
-186.759 -38.3877 34.1863
-186.824 -38.6805 34.19
-186.902 -38.9022 34.1918
-186.92 -38.9404 34.1921
-187.024 -39.1505 34.193
-187.09 -39.2713 34.1933
-189.721 -43.9991 34.2051
-189.728 -44.0122 34.2051
-189.75 -44.0485 34.2051
-189.834 -44.184 34.2052
-189.869 -44.2356 34.2052
-190.094 -44.5588 34.2046
-216.073 -78.5894 34.082

0
0
0

37
8.01727
63.0189
-186.894 -26.8755 33.965
-186.45 -30.2881 34.7008
-186.433 -30.4366 34.7328
-186.405 -30.6999 34.7894
-186.395 -30.8015 34.8112
-186.363 -31.1739 34.8911
-186.335 -31.5523 34.9722
-186.332 -31.5903 34.9803
-186.313 -31.934 35.0538
-186.293 -32.3162 35.1355
-186.274 -32.696 35.2166
-186.257 -33.0701 35.2965
-186.241 -33.4348 35.3743
-186.231 -33.6921 35.4292
-186.228 -33.7831 35.4486
-186.224 -34.1306 35.5225
-186.229 -34.4896 35.5986
-186.238 -34.7834 35.6608
-186.241 -34.8426 35.6733
-186.261 -35.0952 35.7264
-186.277 -35.2232 35.7532
-186.304 -35.3818 35.7862
-186.431 -36.0799 35.9313
-186.815 -37.9184 36.3122
-186.882 -38.2273 36.3761
-186.963 -38.5164 36.4355
-186.976 -38.5581 36.444
-187.027 -38.6916 36.4711
-187.067 -38.7934 36.4917
-187.202 -39.0717 36.5474
-189.59 -43.7306 37.4772
-189.604 -43.7569 37.4825
-189.743 -43.977 37.5257
-190.231 -44.6755 37.6619
-193.762 -49.5017 38.5987
-216.016 -79.5511 44.4246
-216.035 -79.5653 44.4271

34
8.50371
61.4103
-186.894 -26.8755 33.965
-186.543 -30.1639 34.0133
-186.54 -30.2025 34.0139
-186.505 -30.5611 34.019
-186.504 -30.5757 34.0192
-186.484 -30.8237 34.0227
-186.474 -30.9566 34.0245
-186.474 -30.9646 34.0246
-186.449 -31.343 34.0296
-186.426 -31.7336 34.0347
-186.404 -32.1262 34.0398
-186.383 -32.5173 34.0449
-186.361 -32.9031 34.0499
-186.342 -33.2822 34.0547
-186.324 -33.656 34.0595
-186.312 -34.0289 34.064
-186.307 -34.4079 34.0684
-186.313 -34.7975 34.0725
-186.336 -35.2141 34.0763
-186.381 -35.6834 34.08
-186.444 -36.2156 34.0838
-186.448 -36.2456 34.084
-186.72 -38.1732 34.0962
-186.754 -38.3913 34.0974
-186.819 -38.6881 34.0985
-186.894 -38.9 34.0984
-186.923 -38.9634 34.0981
-187.01 -39.1409 34.0971
-187.085 -39.2776 34.0961
-189.753 -44.0362 34.0585
-189.836 -44.17 34.0572
-189.907 -44.2736 34.0559
-190.094 -44.5432 34.0526
-216.113 -78.5485 33.5487

0
0
0

37
8.67705
63.0121
-186.894 -26.8755 33.965
-186.453 -30.2834 34.6754
-186.435 -30.4414 34.7082
-186.409 -30.6947 34.7609
-186.398 -30.8068 34.7841
-186.366 -31.1797 34.8614
-186.338 -31.5586 34.9398
-186.329 -31.6933 34.9676
-186.315 -31.9407 35.0187
-186.295 -32.3233 35.0976
-186.276 -32.7033 35.1759
-186.259 -33.0776 35.2531
-186.243 -33.4425 35.3282
-186.234 -33.6827 35.3777
-186.23 -33.7917 35.4001
-186.227 -34.1404 35.4716
-186.231 -34.5004 35.5452
-186.24 -34.7766 35.6015
-186.244 -34.8558 35.6176
-186.263 -35.0913 35.6652
-186.282 -35.2476 35.6967
-186.305 -35.3873 35.7246
-186.432 -36.0959 35.8661
-186.82 -37.9755 36.2398
-186.875 -38.2306 36.2905
-186.954 -38.5131 36.3461
-186.972 -38.572 36.3576
-187.044 -38.7622 36.3945
-187.055 -38.7898 36.3998
-187.185 -39.0575 36.4509
-189.567 -43.7002 37.3332
-189.608 -43.779 37.3482
-189.752 -44.0077 37.3909
-190.255 -44.729 37.5242
-193.777 -49.5319 38.4067
-216.137 -79.5526 43.9127
-216.156 -79.5668 43.915

33
9.2044
61.3491
-186.894 -26.8755 33.965
-186.547 -30.1599 33.9904
-186.542 -30.207 33.9907
-186.509 -30.5567 33.9933
-186.507 -30.5808 33.9935
-186.477 -30.9622 33.996
-186.474 -31.0089 33.9963
-186.452 -31.3491 33.9984
-186.43 -31.7401 34.0007
-186.408 -32.1332 34.003
-186.386 -32.5246 34.0053
-186.365 -32.9106 34.0075
-186.345 -33.2899 34.0097
-186.328 -33.6641 34.0117
-186.316 -34.0379 34.0136
-186.311 -34.4179 34.0152
-186.317 -34.8089 34.0164
-186.34 -35.2276 34.0171
-186.384 -35.6968 34.0172
-186.446 -36.2248 34.0168
-186.46 -36.3267 34.0166
-186.72 -38.2021 34.0137
-186.75 -38.3947 34.0133
-186.815 -38.6952 34.0119
-186.885 -38.8979 34.01
-186.926 -38.9853 34.0088
-186.998 -39.1317 34.0066
-187.081 -39.2835 34.004
-189.785 -44.0725 33.9189
-189.838 -44.1569 33.9172
-189.942 -44.3098 33.9138
-190.093 -44.5289 33.9089
-216.114 -78.4627 33.0449

0
0
0

38
9.33828
63.0599
-186.894 -26.8755 33.965
-186.456 -30.2789 34.6506
-186.438 -30.4461 34.6842
-186.413 -30.6897 34.733
-186.401 -30.812 34.7575
-186.369 -31.1855 34.8322
-186.341 -31.5647 34.9079
-186.325 -31.7988 34.9546
-186.317 -31.9473 34.9842
-186.297 -32.3302 35.0604
-186.278 -32.7104 35.136
-186.261 -33.0849 35.2104
-186.245 -33.45 35.283
-186.237 -33.6735 35.3273
-186.233 -33.8001 35.3524
-186.229 -34.15 35.4216
-186.233 -34.5109 35.4926
-186.242 -34.7699 35.5434
-186.247 -34.8689 35.5628
-186.264 -35.0874 35.6053
-186.287 -35.2717 35.641
-186.307 -35.3928 35.6642
-186.434 -36.1117 35.8019
-186.826 -38.0323 36.168
-186.869 -38.2338 36.2064
-186.944 -38.5098 36.2584
