097_r_femur_affected.stl
097_r_patel_affected.stl

-130.867 14.5164 2341.93
4549.43 -31112.7 2177.08
-0.0478646 -0.00192861 -0.998952
0.0032892

1
12
5.28815

-164.144 34.4258 2346.66
-99.0326 42.2217 2345.65

4

-1 0 0 0
-1 0 0 0
-1 0 0 0
-1 0 0 0

90

0.998391 -0.0439049 -0.0359144 -24.0967
0.0426325 0.998468 -0.0354163 63.7282
0.0374148 0.033828 0.998729 1175.94
0 0 0 1

0.997211 -0.0576594 -0.0473926 -10.8235
0.0562163 0.997937 -0.0312013 59.712
0.0490944 0.0284497 0.998391 1177.63
0 0 0 1

0.995775 -0.0710181 -0.0582141 1.66017
0.0696634 0.997263 -0.0249542 53.3026
0.0598276 0.0207929 0.997994 1179.27
0 0 0 1

0.994166 -0.0838351 -0.0678641 12.774
0.0828217 0.996413 -0.0175944 45.5943
0.0690964 0.0118705 0.997541 1180.83
0 0 0 1

0.992837 -0.0919936 -0.0762431 22.4712
0.0914925 0.995761 -0.0100169 37.343
0.0768423 0.00296784 0.997041 1182.35
0 0 0 1

0.990602 -0.103373 -0.0895607 37.8574
0.103647 0.994618 -0.00156824 28.3013
0.0892418 -0.00773089 0.995983 1184.79
0 0 0 1

0.988724 -0.113825 -0.0973059 46.7377
0.114917 0.993363 0.0057008 20.5637
0.0960122 -0.01682 0.995241 1186.47
0 0 0 1

0.987355 -0.120048 -0.103527 53.9203
0.122121 0.992422 0.0139278 11.4543
0.101071 -0.0263959 0.994532 1188.01
0 0 0 1

0.984512 -0.132471 -0.114836 66.8654
0.136251 0.990347 0.0257099 -1.34507
0.110323 -0.0409597 0.993055 1190.62
0 0 0 1

0.982449 -0.13885 -0.124563 78.0538
0.144389 0.988851 0.0365865 -13.4922
0.118096 -0.0539311 0.991541 1193.19
0 0 0 1

0.980001 -0.147254 -0.133855 88.687
0.154559 0.986924 0.0458999 -23.6436
0.125347 -0.065671 0.989942 1195.87
0 0 0 1

0.977557 -0.155293 -0.142367 98.4132
0.16503 0.98451 0.0593053 -38.5793
0.130953 -0.0814698 0.98804 1198.76
0 0 0 1

0.97473 -0.164033 -0.151649 108.994
0.17651 0.98161 0.0727835 -53.5368
0.136922 -0.0977124 0.985755 1202.09
0 0 0 1

0.971967 -0.169649 -0.162796 121.788
0.185522 0.978721 0.0877509 -70.3769
0.144445 -0.115494 0.982754 1206.35
0 0 0 1

0.969444 -0.17459 -0.172334 132.736
0.193596 0.975941 0.100354 -84.5272
0.150668 -0.130651 0.979918 1210.38
0 0 0 1

0.965724 -0.185241 -0.181836 143.465
0.207178 0.972102 0.110033 -94.8965
0.156381 -0.143935 0.977158 1214.3
0 0 0 1

0.961916 -0.19451 -0.192055 155.08
0.22013 0.967764 0.12242 -108.468
0.162053 -0.160036 0.973723 1219
0 0 0 1

0.958397 -0.202414 -0.20126 165.484
0.232197 0.962937 0.137279 -124.997
0.166015 -0.1783 0.969875 1224.02
0 0 0 1

0.954594 -0.21052 -0.21079 176.227
0.245055 0.957242 0.153771 -143.405
0.169406 -0.198445 0.965365 1229.76
0 0 0 1

0.951043 -0.217341 -0.219732 186.327
0.256658 0.951482 0.16976 -161.254
0.172176 -0.217845 0.960681 1235.69
0 0 0 1

0.946741 -0.224284 -0.231042 199.137
0.269046 0.945212 0.184925 -178.104
0.176909 -0.237237 0.955212 1242.7
0 0 0 1

0.942847 -0.228226 -0.242803 212.548
0.280619 0.936749 0.2092 -205.673
0.179701 -0.265379 0.947254 1252.35
0 0 0 1

0.938898 -0.229962 -0.256107 227.807
0.28985 0.929527 0.227984 -226.944
0.185631 -0.288287 0.939383 1262.17
0 0 0 1

0.934815 -0.231367 -0.269428 243.087
0.300966 0.918859 0.255202 -257.993
0.188521 -0.319655 0.928595 1275.1
0 0 0 1

0.930431 -0.229138 -0.286 262.196
0.312254 0.904197 0.291433 -299.577
0.191823 -0.360462 0.912841 1293.74
0 0 0 1

0.926046 -0.229652 -0.299502 277.675
0.322158 0.894386 0.310315 -320.885
0.196607 -0.383853 0.902225 1306.7
0 0 0 1

0.921425 -0.231729 -0.311897 291.809
0.333864 0.882811 0.330438 -343.553
0.198775 -0.408605 0.890807 1320.38
0 0 0 1

0.917152 -0.232972 -0.323352 304.906
0.343714 0.873056 0.345891 -360.821
0.201723 -0.428375 0.8808 1332.53
0 0 0 1

0.911577 -0.234752 -0.337519 321.059
0.355895 0.861581 0.36197 -378.683
0.205828 -0.450085 0.868945 1346.88
0 0 0 1

0.903703 -0.232906 -0.35927 345.932
0.371459 0.843781 0.38737 -407.298
0.212926 -0.483521 0.849044 1370.63
0 0 0 1

0.896938 -0.230924 -0.377061 366.215
0.384039 0.82949 0.405542 -427.606
0.21912 -0.508553 0.832686 1390.26
0 0 0 1

0.888963 -0.232748 -0.394425 385.819
0.400858 0.811939 0.42435 -448.434
0.221483 -0.535341 0.815084 1411.16
0 0 0 1

0.881868 -0.234585 -0.408996 402.215
0.416057 0.795267 0.440965 -466.733
0.221818 -0.559038 0.798923 1430.29
0 0 0 1

0.876427 -0.233687 -0.421028 415.781
0.428007 0.778686 0.458763 -486.656
0.220643 -0.582274 0.782483 1449.62
0 0 0 1

0.871633 -0.235469 -0.429894 425.672
0.440199 0.761806 0.475267 -505.03
0.215588 -0.603497 0.767671 1466.81
0 0 0 1

0.865083 -0.236184 -0.442546 439.849
0.454714 0.741734 0.493017 -524.726
0.211811 -0.627732 0.749061 1488.49
0 0 0 1

0.860818 -0.235613 -0.451085 449.37
0.465631 0.722338 0.511288 -545.257
0.205372 -0.650165 0.731513 1508.78
0 0 0 1

0.856825 -0.234196 -0.45935 458.596
0.476908 0.698592 0.533413 -570.307
0.195977 -0.676109 0.710264 1533.15
0 0 0 1

0.852243 -0.236454 -0.466658 466.617
0.489557 0.674941 0.552078 -591.218
0.184427 -0.698959 0.690975 1555.11
0 0 0 1

0.849464 -0.234138 -0.472852 473.503
0.498195 0.651104 0.572596 -614.528
0.173812 -0.72197 0.669739 1579.4
0 0 0 1

0.847055 -0.23261 -0.477898 479.051
0.506652 0.625092 0.593769 -638.64
0.160616 -0.745081 0.647345 1604.89
0 0 0 1

0.845182 -0.230616 -0.48216 483.732
0.514285 0.5965 0.616196 -664.27
0.145507 -0.768764 0.622759 1632.78
0 0 0 1

0.845516 -0.227054 -0.483265 484.905
0.517467 0.571563 0.636821 -688.022
0.131627 -0.788514 0.600765 1657.76
0 0 0 1

0.844158 -0.225938 -0.486152 488.016
0.52287 0.547135 0.653641 -707.173
0.118312 -0.805971 0.580012 1681.34
0 0 0 1

0.844443 -0.218466 -0.489064 491.355
0.525065 0.518147 0.675152 -732.033
0.105913 -0.826918 0.55226 1713.09
0 0 0 1

0.843818 -0.213022 -0.492532 495.26
0.528698 0.487186 0.695075 -754.972
0.091892 -0.846918 0.523725 1745.67
0 0 0 1

0.842734 -0.205706 -0.497472 500.884
0.532288 0.456396 0.713001 -775.555
0.0803793 -0.865668 0.494121 1779.64
0 0 0 1

0.841844 -0.196915 -0.502512 506.655
0.534945 0.427944 0.728489 -793.295
0.0715995 -0.882089 0.465606 1812.51
0 0 0 1

0.838347 -0.189121 -0.511275 516.602
0.541326 0.399433 0.739878 -805.983
0.0642963 -0.897039 0.437244 1845.3
0 0 0 1

0.836674 -0.180697 -0.517027 523.187
0.544736 0.372508 0.751332 -818.924
0.0568361 -0.910261 0.410105 1876.64
0 0 0 1

0.834205 -0.17014 -0.524544 531.799
0.549115 0.343655 0.761821 -830.671
0.0506485 -0.923547 0.380111 1911.41
0 0 0 1

0.829295 -0.15165 -0.537832 547.08
0.556886 0.303921 0.772988 -842.982
0.0462376 -0.940546 0.336497 1962.15
0 0 0 1

0.825435 -0.146822 -0.545061 555.146
0.563268 0.277704 0.778211 -848.338
0.037111 -0.949379 0.311931 1990.4
0 0 0 1

0.820995 -0.138797 -0.553798 564.985
0.570131 0.250505 0.782433 -852.518
0.0301329 -0.958113 0.2848 2021.75
0 0 0 1

0.817474 -0.133784 -0.560204 572.103
0.575582 0.224897 0.786213 -856.215
0.0208095 -0.965153 0.260854 2049.25
0 0 0 1

0.814904 -0.126353 -0.565648 578.184
0.579483 0.196254 0.791004 -861.257
0.0110683 -0.972377 0.23315 2081.09
0 0 0 1

0.81299 -0.12301 -0.569128 581.961
0.58227 0.171204 0.794767 -865.091
-0.00032428 -0.977524 0.210815 2106.56
0 0 0 1

0.811957 -0.119703 -0.571304 584.254
0.583521 0.141565 0.799666 -870.423
-0.014843 -0.982663 0.184797 2136.1
0 0 0 1

0.813712 -0.117361 -0.56929 581.85
0.580437 0.111942 0.806576 -878.373
-0.0309302 -0.986759 0.159211 2165.03
0 0 0 1

0.818273 -0.112562 -0.563694 575.495
0.573029 0.0823242 0.815392 -888.832
-0.045373 -0.990228 0.131867 2196.13
0 0 0 1

0.823922 -0.109092 -0.556099 566.88
0.563501 0.0536309 0.824375 -899.614
-0.0601055 -0.992584 0.105662 2225.85
0 0 0 1

0.831135 -0.104448 -0.546166 555.643
0.551001 0.0224597 0.834205 -911.606
-0.0748617 -0.994276 0.0762192 2259.37
0 0 0 1

0.836337 -0.100935 -0.538839 547.327
0.541355 -0.00288927 0.840791 -919.544
-0.08642 -0.994889 0.0522258 2286.72
0 0 0 1

0.840583 -0.100114 -0.532345 539.854
0.532429 -0.0281135 0.84601 -925.845
-0.0996611 -0.994579 0.0296718 2312.27
0 0 0 1

0.845624 -0.0994343 -0.524429 530.77
0.521836 -0.0526047 0.851424 -932.555
-0.112246 -0.993651 0.00740436 2337.53
0 0 0 1

0.854938 -0.0985903 -0.509269 513.565
0.50372 -0.0766291 0.860464 -943.959
-0.123856 -0.992173 -0.0158518 2363.96
0 0 0 1

0.864305 -0.0963347 -0.493649 495.843
0.485395 -0.0973628 0.86886 -954.578
-0.131762 -0.990575 -0.0373917 2388.63
0 0 0 1

0.871369 -0.0952917 -0.481276 481.712
0.470484 -0.115845 0.874773 -962.044
-0.139111 -0.988683 -0.0561117 2410.06
0 0 0 1

0.87775 -0.0962166 -0.469349 468.035
0.455014 -0.139351 0.879515 -968.281
-0.150027 -0.985555 -0.0785371 2435.56
0 0 0 1

0.883663 -0.0983634 -0.457662 454.569
0.440158 -0.158213 0.883874 -973.975
-0.159348 -0.982491 -0.0965137 2455.95
0 0 0 1

0.890184 -0.100518 -0.444364 439.245
0.423457 -0.177265 0.888405 -979.998
-0.16807 -0.979014 -0.115236 2477.26
0 0 0 1

0.895513 -0.103618 -0.432791 425.83
0.408635 -0.193691 0.89191 -984.682
-0.176245 -0.975571 -0.131114 2495.25
0 0 0 1

0.900275 -0.107185 -0.421905 413.185
0.39472 -0.207666 0.895028 -988.827
-0.183548 -0.972307 -0.144651 2510.55
0 0 0 1

0.906361 -0.11014 -0.407882 396.988
0.376749 -0.226226 0.89827 -993.476
-0.191207 -0.967828 -0.16355 2532.11
0 0 0 1

0.910868 -0.116143 -0.396005 383.135
0.360219 -0.244492 0.900262 -996.545
-0.201378 -0.962671 -0.180867 2551.66
0 0 0 1

0.915752 -0.12096 -0.38309 368.108
0.342854 -0.261704 0.902203 -999.617
-0.209385 -0.957541 -0.198187 2571.34
0 0 0 1

0.920609 -0.126943 -0.369264 352.001
0.324302 -0.278156 0.904137 -1002.73
-0.217485 -0.952113 -0.214909 2590.3
0 0 0 1

0.925413 -0.132477 -0.355041 335.426
0.305212 -0.294767 0.905519 -1005.26
-0.224613 -0.946344 -0.23235 2610.16
0 0 0 1

0.928174 -0.139631 -0.344947 323.494
0.289289 -0.312356 0.90485 -1005.22
-0.23409 -0.93965 -0.24953 2629.56
0 0 0 1

0.930722 -0.147204 -0.334784 311.485
0.27309 -0.329145 0.903931 -1004.9
-0.243254 -0.932736 -0.266146 2648.33
0 0 0 1

0.93215 -0.154247 -0.32756 302.819
0.260561 -0.342382 0.902712 -1003.94
-0.25139 -0.926814 -0.278963 2662.71
0 0 0 1

0.934201 -0.162144 -0.317759 291.216
0.244017 -0.359321 0.90075 -1002.44
-0.260228 -0.919021 -0.296116 2682.09
0 0 0 1

0.935336 -0.168734 -0.310914 282.997
0.231327 -0.373208 0.89845 -1000.26
-0.267633 -0.912277 -0.310045 2697.82
0 0 0 1

0.935212 -0.18016 -0.304819 275.505
0.217434 -0.387241 0.895977 -997.975
-0.279456 -0.904207 -0.322982 2712.1
0 0 0 1

0.934037 -0.19156 -0.301456 271.097
0.204035 -0.406583 0.890545 -992.3
-0.293158 -0.893309 -0.340681 2731.85
0 0 0 1

0.935885 -0.197695 -0.291601 259.452
0.186407 -0.424487 0.886045 -987.953
-0.298945 -0.883593 -0.360421 2754.48
0 0 0 1

0.936338 -0.206911 -0.283644 249.868
0.169576 -0.440894 0.881401 -983.391
-0.307427 -0.873389 -0.37774 2774.08
0 0 0 1

0.935029 -0.218867 -0.278948 243.925
0.153961 -0.458079 0.875484 -977.302
-0.319393 -0.86155 -0.394622 2792.96
0 0 0 1

0.934048 -0.23347 -0.270261 233.29
0.133757 -0.472983 0.870866 -972.977
-0.331148 -0.84958 -0.410563 2810.77
0 0 0 1

0.931014 -0.240947 -0.274137 237.338
0.130883 -0.480754 0.867039 -968.218
-0.340701 -0.843106 -0.416055 2816.39
0 0 0 1


0
0
0

0
0
0

0
0
0

0
0
0

0
0
0

0
0
0

0
0
0

0
0
0

0
0
0

0
0
0

0
0
0

0
0
0

0
0
0

0
0
0

0
0
0

0
0
0

0
0
0

0
0
0

0
0
0

0
0
0

0
0
0

0
0
0

0
0
0

0
0
0

0
0
0

0
0
0

0
0
0

0
0
0

0
0
0

0
0
0

0
0
0

0
0
0

0
0
0

0
0
0

0
0
0

0
0
0

0
0
0

0
0
0

0
0
0

0
0
0

0
0
0

0
0
0

0
0
0

0
0
0

0
0
0

0
0
0

0
0
0

0
0
0

0
0
0

0
0
0

0
0
0

0
0
0

0
0
0

0
0
0

0
0
0

0
0
0

0
0
0

0
0
0

0
0
0

0
0
0

0
0
0

0
0
0

0
0
0

0
0
0

0
0
0

0
0
0

0
0
0

0
0
0

0
0
0

0
0
0

0
0
0

0
0
0

0
0
0

0
0
0

0
0
0

0
0
0

0
0
0

0
0
0

0
0
0

0
0
0

0
0
0

0
0
0

0
0
0

0
0
0

0
0
0

0
0
0

0
0
0

0
0
0

0
0
0

0
0
0

0
0
0

0
0
0

0
0
0

0
0
0

0
0
0

0
0
0

0
0
0

0
0
0

0
0
0

0
0
0

0
0
0

0
0
0

0
0
0

0
0
0

0
0
0

0
0
0

0
0
0

0
0
0

0
0
0

0
0
0

0
0
0

0
0
0

0
0
0

0
0
0

0
0
0

0
0
0

0
0
0

0
0
0

0
0
0

0
0
0

0
0
0

0
0
0

0
0
0

0
0
0

0
0
0

0
0
0

0
0
0

0
0
0

0
0
0

0
0
0

0
0
0

0
0
0

0
0
0

0
0
0

0
0
0

0
0
0

0
0
0

0
0
0

0
0
0

0
0
0

0
0
0

0
0
0

0
0
0

0
0
0

0
0
0

0
0
0

0
0
0

0
0
0

0
0
0

0
0
0

0
0
0

0
0
0

0
0
0

0
0
0

0
0
0

0
0
0

0
0
0

0
0
0

0
0
0

0
0
0

0
0
0

0
0
0

0
0
0

0
0
0

0
0
0

0
0
0

0
0
0

0
0
0

0
0
0

0
0
0

0
0
0

0
0
0

0
0
0

0
0
0

0
0
0

0
0
0

0
0
0

0
0
0

0
0
0

0
0
0

0
0
0

0
0
0

0
0
0

0
0
0

0
0
0

0
0
0

0
0
0

0
0
0

0
0
0

0
0
0

0
0
0

0
0
0

0
0
0

0
0
0

0
0
0

0
0
0

0
0
0

0
0
0

0
0
0

0
0
0

0
0
0

0
0
0

0
0
0

0
0
0

0
0
0

0
0
0

0
0
0

0
0
0

0
0
0

0
0
0

0
0
0

0
0
0

0
0
0

0
0
0

0
0
0

0
0
0

0
0
0

0
0
0

0
0
0

0
0
0

0
0
0

0
0
0

0
0
0

0
0
0

0
0
0

0
0
0

0
0
0

0
0
0

0
0
0

0
0
0

0
0
0

0
0
0

0
0
0

0
0
0

0
0
0

0
0
0

0
0
0

0
0
0

0
0
0

0
0
0

0
0
0

0
0
0

0
0
0

0
0
0

0
0
0

0
0
0

0
0
0

0
0
0

0
0
0

0
0
0

0
0
0

0
0
0

0
0
0

0
0
0

0
0
0

0
0
0

0
0
0

0
0
0

0
0
0

0
0
0

0
0
0

0
0
0

0
0
0

0
0
0

0
0
0

0
0
0

0
0
0

0
0
0

0
0
0

0
0
0
