100_r_femur_affected.stl
100_r_patel_affected.stl

-190.573 -7.53073 -42.8933
42141.5 2561.59 1408.97
-0.0302365 -0.0655833 0.997516
0.00275946

0.453569
12
6.8577

-144.788 23.0976 -48.4862
-222.683 11.7211 -42.5287

4

-1 0 0 0
-1 0 0 0
-1 0 0 0
-1 0 0 0

125

0.872407 -0.483128 -0.0741639 -101.069
0.485613 0.873967 0.0190366 60.5214
0.0556191 -0.0526226 0.997065 -7.49455
0 0 0 1

0.874077 -0.47897 -0.0811442 -100.99
0.481488 0.876346 0.0136906 59.9691
0.0645525 -0.0510364 0.996609 -7.21588
0 0 0 1

0.878026 -0.47066 -0.0869222 -100.95
0.472951 0.881065 0.00666421 58.8338
0.0734471 -0.0469611 0.996194 -6.89585
0 0 0 1

0.880977 -0.464671 -0.0892569 -101.057
0.466204 0.88467 -0.00410778 57.8076
0.0808712 -0.0379926 0.996002 -6.63044
0 0 0 1

0.886319 -0.453557 -0.0934334 -100.827
0.454367 0.890711 -0.0136548 56.3741
0.089415 -0.0303501 0.995533 -6.27546
0 0 0 1

0.890459 -0.444051 -0.099538 -100.802
0.443914 0.89573 -0.0247498 55.038
0.100149 -0.0221469 0.994728 -5.69676
0 0 0 1

0.894243 -0.434618 -0.106976 -100.845
0.433768 0.900448 -0.0323161 53.7639
0.110371 -0.0175038 0.993738 -5.28085
0 0 0 1

0.899533 -0.421393 -0.11522 -100.92
0.418735 0.906867 -0.0475658 51.9026
0.124533 -0.00545895 0.992203 -4.32081
0 0 0 1

0.900607 -0.417453 -0.121026 -101.317
0.413539 0.908702 -0.0570488 51.1267
0.133793 0.00133003 0.991011 -3.92763
0 0 0 1

0.902552 -0.410475 -0.130061 -101.61
0.404715 0.911822 -0.0692255 49.9586
0.147008 0.00984217 0.989089 -3.05958
0 0 0 1

0.903866 -0.405241 -0.137153 -101.971
0.397831 0.914059 -0.0789465 49.0368
0.157359 0.016793 0.987401 -2.52425
0 0 0 1

0.901866 -0.405043 -0.150271 -102.894
0.395836 0.91408 -0.0881803 48.5604
0.173078 0.0200439 0.984706 -1.53638
0 0 0 1

0.902359 -0.401077 -0.157759 -103.405
0.389096 0.915531 -0.102023 47.5687
0.185354 0.030679 0.982194 -0.68147
0 0 0 1

0.90423 -0.393512 -0.16589 -103.609
0.379117 0.918507 -0.112329 46.3425
0.196575 0.0386791 0.979728 0.000938207
0 0 0 1

0.902925 -0.393511 -0.172851 -104.333
0.37587 0.918001 -0.126477 45.6804
0.208448 0.0492303 0.976796 0.878421
0 0 0 1

0.903539 -0.388359 -0.181096 -104.68
0.365964 0.919207 -0.145345 44.3506
0.222913 0.065051 0.972667 2.1551
0 0 0 1

0.903929 -0.384209 -0.187874 -104.959
0.357946 0.920048 -0.159328 43.2814
0.234069 0.0767733 0.969186 2.99773
0 0 0 1

0.903487 -0.381099 -0.196151 -105.423
0.351355 0.920622 -0.170302 42.3758
0.245484 0.0849476 0.965673 3.74125
0 0 0 1

0.900981 -0.383988 -0.201958 -106.187
0.353338 0.919542 -0.17203 42.5089
0.251767 0.0836368 0.964169 3.74071
0 0 0 1

0.900322 -0.381195 -0.210029 -106.625
0.346835 0.919927 -0.182871 41.6314
0.262921 0.091798 0.960442 4.50672
0 0 0 1

0.901928 -0.375374 -0.213591 -106.648
0.335351 0.920328 -0.201342 40.1217
0.272152 0.109969 0.955952 5.34478
0 0 0 1

0.900817 -0.376429 -0.216407 -107.162
0.333325 0.918919 -0.210913 39.7311
0.278255 0.117861 0.953251 5.59538
0 0 0 1

0.89995 -0.375327 -0.221857 -107.586
0.326635 0.917454 -0.227131 38.7474
0.288792 0.131941 0.948259 6.45312
0 0 0 1

0.897854 -0.374766 -0.231105 -108.192
0.320895 0.916377 -0.23933 37.933
0.301473 0.140724 0.943035 7.37492
0 0 0 1

0.89751 -0.374571 -0.232754 -108.447
0.316003 0.914398 -0.253022 37.1988
0.307604 0.153539 0.939047 7.77353
0 0 0 1

0.898021 -0.372515 -0.234081 -108.526
0.309344 0.912956 -0.266118 36.3129
0.312839 0.166568 0.935089 8.08622
0 0 0 1

0.898579 -0.369806 -0.236224 -108.586
0.302236 0.911852 -0.277811 35.3944
0.318138 0.17824 0.93114 8.38444
0 0 0 1

0.897585 -0.368643 -0.241753 -108.877
0.296369 0.91057 -0.288144 34.633
0.326356 0.186987 0.926569 8.8693
0 0 0 1

0.896261 -0.37032 -0.24409 -109.266
0.293612 0.907869 -0.299273 34.1851
0.332429 0.19656 0.922419 9.23566
0 0 0 1

0.897815 -0.365122 -0.246202 -109.068
0.282242 0.906242 -0.314739 32.7586
0.338038 0.213089 0.916692 9.70961
0 0 0 1

0.896969 -0.366276 -0.247566 -109.279
0.279475 0.903679 -0.324426 32.3403
0.342551 0.221812 0.912939 9.90796
0 0 0 1

0.896901 -0.368341 -0.244727 -109.301
0.277989 0.899982 -0.335776 32.0066
0.343932 0.233126 0.909594 9.87857
0 0 0 1

0.898538 -0.363012 -0.246683 -109.073
0.267323 0.898422 -0.348382 30.714
0.348094 0.24709 0.904311 10.1853
0 0 0 1

0.898006 -0.366365 -0.243641 -109.2
0.267306 0.894125 -0.35928 30.5278
0.349474 0.257509 0.900865 10.1006
0 0 0 1

0.897891 -0.365498 -0.24536 -109.272
0.260964 0.890797 -0.371981 29.6314
0.354526 0.269969 0.895225 10.4569
0 0 0 1

0.898494 -0.368196 -0.239038 -109.261
0.262745 0.887271 -0.379087 29.7707
0.351671 0.277802 0.893953 9.90379
0 0 0 1

0.900243 -0.367073 -0.23413 -109.027
0.257084 0.882161 -0.394573 28.9021
0.351379 0.295022 0.888534 9.82689
0 0 0 1

0.901195 -0.366728 -0.230993 -108.956
0.25248 0.877394 -0.407949 28.1796
0.352279 0.309321 0.883298 9.76635
0 0 0 1

0.900288 -0.370468 -0.228544 -109.195
0.253418 0.872956 -0.416789 28.2077
0.353918 0.317314 0.879801 9.546
0 0 0 1

0.902118 -0.370335 -0.221432 -108.945
0.249344 0.866244 -0.432936 27.527
0.352148 0.335348 0.873801 9.1742
0 0 0 1

0.905449 -0.365789 -0.215306 -108.563
0.237506 0.857032 -0.457242 25.8875
0.35178 0.362874 0.862883 9.17655
0 0 0 1

0.906615 -0.366101 -0.2098 -108.462
0.23635 0.852487 -0.466251 25.6116
0.349549 0.373125 0.859411 8.82226
0 0 0 1

0.90644 -0.365711 -0.211231 -108.594
0.232691 0.849852 -0.472855 25.1828
0.352446 0.379464 0.855444 8.91084
0 0 0 1

0.907866 -0.364776 -0.206672 -108.403
0.230324 0.845836 -0.481144 24.7915
0.350323 0.389214 0.851928 8.63211
0 0 0 1

0.90946 -0.361825 -0.204843 -108.168
0.22454 0.842043 -0.490441 24.0352
0.349943 0.400042 0.847054 8.4988
0 0 0 1

0.912405 -0.360043 -0.194637 -107.608
0.22055 0.833109 -0.507226 23.2605
0.344779 0.41987 0.839543 8.08739
0 0 0 1

0.913975 -0.359272 -0.188604 -107.243
0.219778 0.829035 -0.51419 23.0956
0.341095 0.428506 0.836679 7.65567
0 0 0 1

0.916686 -0.358292 -0.176951 -106.651
0.222732 0.825764 -0.518167 23.3885
0.331777 0.435584 0.836771 6.62559
0 0 0 1

0.919777 -0.353293 -0.170858 -106.007
0.216889 0.820467 -0.528948 22.6186
0.327059 0.449457 0.831274 6.13666
0 0 0 1

0.921289 -0.349937 -0.169616 -105.724
0.210185 0.815057 -0.539906 21.7348
0.327181 0.461758 0.824456 6.09303
0 0 0 1

0.923779 -0.343665 -0.168894 -105.293
0.198888 0.807517 -0.555297 20.241
0.327223 0.47938 0.81432 6.00882
0 0 0 1

0.926062 -0.339418 -0.164931 -104.886
0.191712 0.799605 -0.569101 19.3422
0.325045 0.495403 0.805556 5.62838
0 0 0 1

0.927614 -0.334689 -0.165872 -104.659
0.177486 0.785646 -0.592669 17.4238
0.328678 0.520328 0.788181 5.80888
0 0 0 1

0.930269 -0.3319 -0.156335 -104.154
0.173949 0.774209 -0.608555 16.8456
0.323017 0.538925 0.777958 5.03661
0 0 0 1

0.933263 -0.329066 -0.143993 -103.548
0.174182 0.765202 -0.619776 16.7252
0.314133 0.553332 0.771454 3.9484
0 0 0 1

0.937028 -0.322342 -0.134429 -102.798
0.167744 0.752982 -0.636296 15.7564
0.30633 0.573677 0.75964 3.04463
0 0 0 1

0.938779 -0.32401 -0.117085 -102.455
0.175653 0.742515 -0.646382 16.453
0.296374 0.586242 0.753975 1.80491
0 0 0 1

0.941281 -0.322389 -0.100263 -101.923
0.177954 0.726121 -0.664133 16.3105
0.286914 0.607293 0.740858 0.719368
0 0 0 1

0.945448 -0.3139 -0.0871355 -101.079
0.173332 0.711189 -0.681294 15.496
0.27583 0.629024 0.726804 -0.530124
0 0 0 1

0.947024 -0.311842 -0.0767867 -100.738
0.17205 0.694518 -0.698597 15.0322
0.271184 0.648376 0.711382 -1.21982
0 0 0 1

0.949737 -0.306313 -0.0645606 -100.189
0.169623 0.676893 -0.716265 14.4109
0.263104 0.669311 0.694834 -2.2304
0 0 0 1

0.951829 -0.301634 -0.0550804 -99.7749
0.166155 0.658376 -0.734116 13.6896
0.2577 0.6896 0.676784 -3.0629
0 0 0 1

0.954045 -0.295647 -0.0488478 -99.4087
0.158326 0.635745 -0.755482 12.4231
0.254413 0.713029 0.653343 -3.69323
0 0 0 1

0.955898 -0.290706 -0.0417427 -99.0704
0.15322 0.6149 -0.773571 11.5681
0.250552 0.733059 0.632329 -4.45723
0 0 0 1

0.958231 -0.284255 -0.0314045 -98.5909
0.148204 0.587497 -0.795536 10.4917
0.244587 0.757652 0.60509 -5.42065
0 0 0 1

0.960293 -0.277819 -0.0254683 -98.2413
0.142245 0.566117 -0.811954 9.65259
0.239996 0.77609 0.583162 -6.3429
0 0 0 1

0.962184 -0.272189 -0.0104603 -97.8322
0.142923 0.537185 -0.831263 9.29873
0.231881 0.798332 0.555777 -7.60168
0 0 0 1

0.96418 -0.265188 0.00526553 -97.3544
0.142946 0.50281 -0.852491 8.74351
0.223424 0.822707 0.52271 -8.94474
0 0 0 1

0.966501 -0.256315 0.0131786 -96.9162
0.13687 0.471313 -0.871277 7.7263
0.217111 0.843892 0.490609 -10.1471
0 0 0 1

0.968259 -0.249165 0.019651 -96.6106
0.130831 0.438285 -0.889259 6.68614
0.21296 0.863603 0.456975 -11.189
0 0 0 1

0.969003 -0.245334 0.0289744 -96.4832
0.131277 0.412025 -0.901663 6.65191
0.209271 0.877516 0.431463 -12.1234
0 0 0 1

0.969557 -0.241543 0.040134 -96.3536
0.132558 0.379991 -0.915439 6.49876
0.205868 0.89289 0.400444 -13.0441
0 0 0 1

0.969804 -0.239435 0.0463458 -96.443
0.132007 0.355589 -0.92527 6.47723
0.205063 0.903448 0.37646 -13.6754
0 0 0 1

0.970376 -0.235159 0.0553753 -96.3355
0.133127 0.329221 -0.934818 6.57925
0.201601 0.914496 0.350777 -14.5674
0 0 0 1

0.971217 -0.229936 0.0621586 -96.2115
0.131538 0.30021 -0.944758 6.32233
0.198574 0.925739 0.321816 -15.4456
0 0 0 1

0.971286 -0.226679 0.0722282 -96.182
0.134338 0.272012 -0.952868 6.59196
0.196349 0.935209 0.294654 -16.198
0 0 0 1

0.971506 -0.223827 0.0779368 -96.2396
0.134262 0.24877 -0.959209 6.71818
0.195309 0.94234 0.271734 -16.8258
0 0 0 1

0.971733 -0.22244 0.0790733 -96.4054
0.130158 0.225378 -0.965536 6.43502
0.196952 0.948533 0.24796 -17.1644
0 0 0 1

0.972502 -0.220096 0.076115 -96.5296
0.121736 0.201823 -0.971825 5.68271
0.198533 0.954366 0.223068 -17.5185
0 0 0 1

0.973328 -0.216921 0.0746487 -96.5742
0.114729 0.178515 -0.977223 5.05132
0.198654 0.959722 0.198642 -18.0076
0 0 0 1

0.974295 -0.213459 0.0719629 -96.579
0.10751 0.159917 -0.981255 4.55782
0.197949 0.963767 0.178756 -18.5005
0 0 0 1

0.97505 -0.210883 0.0692916 -96.6306
0.100868 0.142877 -0.984584 4.17787
0.197731 0.967006 0.160584 -18.9291
0 0 0 1

0.975367 -0.211025 0.0642169 -96.8517
0.0929131 0.129023 -0.987277 3.7668
0.200054 0.968921 0.145452 -19.0356
0 0 0 1

0.975583 -0.211379 0.0596048 -97.0944
0.0847649 0.112046 -0.990078 3.25499
0.202603 0.970954 0.127228 -19.1575
0 0 0 1

0.97651 -0.208819 0.0530906 -97.1661
0.0751159 0.0990092 -0.992245 2.71556
0.201942 0.972923 0.11237 -19.5437
0 0 0 1

0.977439 -0.206363 0.0449759 -97.2556
0.0638712 0.0858419 -0.994256 1.97188
0.201316 0.974695 0.0970864 -19.9127
0 0 0 1

0.978158 -0.204636 0.0364103 -97.3759
0.0518181 0.0704566 -0.996165 1.10312
0.201285 0.976291 0.079522 -20.2531
0 0 0 1

0.97924 -0.201028 0.0259386 -97.4328
0.0382945 0.0578314 -0.997589 0.172784
0.199043 0.977871 0.0643294 -20.758
0 0 0 1

0.97952 -0.200881 0.0135739 -97.7445
0.0233078 0.0461804 -0.998659 -0.920444
0.199984 0.97852 0.0499168 -20.9179
0 0 0 1

0.979911 -0.199338 0.00596612 -97.8957
0.0129001 0.0335156 -0.999353 -1.56172
0.199008 0.979351 0.0354138 -21.2909
0 0 0 1

0.979948 -0.199167 -0.00553196 -98.1604
-0.000833953 0.0236763 -0.999717 -2.48186
0.19924 0.979674 0.0230354 -21.4885
0 0 0 1

0.980267 -0.197087 -0.0151594 -98.2903
-0.0123218 0.0156276 -0.9998 -3.1104
0.197284 0.980256 0.0128906 -21.8376
0 0 0 1

0.980611 -0.195036 -0.0190163 -98.3453
-0.0188953 0.00249348 -0.999816 -3.4285
0.195047 0.980788 -0.00124048 -22.2839
0 0 0 1

0.980135 -0.196876 -0.0239882 -98.6694
-0.0264169 -0.00970627 -0.999602 -3.81477
0.196564 0.980377 -0.0147147 -22.3303
0 0 0 1

0.980056 -0.196278 -0.0310325 -98.8655
-0.0356682 -0.0201137 -0.999159 -4.35807
0.195488 0.980337 -0.026714 -22.625
0 0 0 1

0.980091 -0.195327 -0.0356068 -98.9807
-0.0417777 -0.0275493 -0.998745 -4.49793
0.1941 0.980347 -0.0351618 -22.8766
0 0 0 1

0.979848 -0.195325 -0.0417566 -99.1604
-0.0496766 -0.0358105 -0.998121 -4.83158
0.193462 0.980081 -0.0447927 -23.0766
0 0 0 1

0.980081 -0.192819 -0.0475512 -99.2249
-0.058483 -0.0513879 -0.996963 -5.50866
0.18979 0.979884 -0.0616415 -23.6819
0 0 0 1

0.98025 -0.190631 -0.052606 -99.2685
-0.0654207 -0.0615467 -0.995956 -5.85369
0.186622 0.979727 -0.0728031 -24.1282
0 0 0 1

0.980208 -0.188861 -0.0593452 -99.3445
-0.0746055 -0.0747255 -0.994408 -6.51643
0.18337 0.979153 -0.0873375 -24.6554
0 0 0 1

0.980431 -0.186564 -0.0628368 -99.3101
-0.0794533 -0.0829458 -0.99338 -6.6161
0.180116 0.978932 -0.0961465 -25.0775
0 0 0 1

0.98044 -0.184196 -0.0693477 -99.3621
-0.0875231 -0.0924273 -0.991865 -7.09856
0.176287 0.978534 -0.106741 -25.5675
0 0 0 1

0.980509 -0.182562 -0.0726316 -99.3846
-0.0928316 -0.104633 -0.990168 -7.36557
0.173167 0.97761 -0.119542 -26.0406
0 0 0 1

0.980703 -0.179966 -0.0763889 -99.3531
-0.0974136 -0.111022 -0.989032 -7.39651
0.169511 0.977388 -0.126411 -26.4628
0 0 0 1

0.981065 -0.176438 -0.0798983 -99.2441
-0.10302 -0.126015 -0.986665 -7.76395
0.164017 0.976213 -0.141806 -27.1854
0 0 0 1

0.981357 -0.173381 -0.0829356 -99.1721
-0.107925 -0.140044 -0.984246 -8.04504
0.159035 0.974849 -0.156145 -27.862
0 0 0 1

0.981673 -0.170836 -0.08447 -99.1014
-0.111061 -0.15261 -0.982027 -8.11405
0.154874 0.973412 -0.168786 -28.3814
0 0 0 1

0.98119 -0.170193 -0.0911224 -99.2735
-0.119633 -0.165573 -0.978914 -8.78745
0.151516 0.971401 -0.18282 -28.8767
0 0 0 1

0.981283 -0.166873 -0.0961142 -99.2598
-0.126169 -0.180029 -0.975536 -9.27255
0.145487 0.969403 -0.197714 -29.6547
0 0 0 1

0.981273 -0.16725 -0.0955508 -99.2618
-0.127714 -0.193566 -0.972739 -9.25702
0.144194 0.966725 -0.211302 -29.924
0 0 0 1

0.981616 -0.165081 -0.0957922 -99.2127
-0.129396 -0.206643 -0.969821 -9.2314
0.140303 0.964385 -0.224207 -30.42
0 0 0 1

0.981143 -0.165634 -0.0996131 -99.3668
-0.135559 -0.222322 -0.965501 -9.72882
0.137772 0.960796 -0.240585 -30.8653
0 0 0 1

0.981423 -0.165371 -0.0972674 -99.3535
-0.135465 -0.238276 -0.961702 -9.64663
0.13586 0.957011 -0.256253 -31.245
0 0 0 1

0.981487 -0.163049 -0.10049 -99.3421
-0.140892 -0.259209 -0.955488 -10.2153
0.129742 0.951956 -0.277384 -32.1834
0 0 0 1

0.980869 -0.16268 -0.106921 -99.506
-0.148443 -0.269681 -0.951438 -10.7354
0.125944 0.949106 -0.288671 -32.633
0 0 0 1

0.980671 -0.161908 -0.109868 -99.5899
-0.153084 -0.285153 -0.946176 -11.14
0.121864 0.944705 -0.304428 -33.2403
0 0 0 1

0.980165 -0.163901 -0.111413 -99.7784
-0.158097 -0.307636 -0.938275 -11.7639
0.119509 0.937278 -0.327448 -33.8376
0 0 0 1

0.980219 -0.162575 -0.112863 -99.8076
-0.161066 -0.323898 -0.932278 -12.0212
0.115008 0.932014 -0.343679 -34.4997
0 0 0 1

0.979935 -0.165369 -0.111252 -99.9469
-0.161918 -0.335039 -0.928182 -11.9278
0.116216 0.92757 -0.355097 -34.4653
0 0 0 1

0.979469 -0.166938 -0.112998 -100.094
-0.166023 -0.350082 -0.921883 -12.2775
0.114336 0.921714 -0.370615 -34.8578
0 0 0 1

0.979239 -0.166638 -0.115396 -100.179
-0.170371 -0.368238 -0.913982 -12.7136
0.109808 0.914666 -0.388988 -35.5987
0 0 0 1

0.978377 -0.166703 -0.122402 -100.434
-0.179222 -0.388046 -0.90404 -13.6601
0.103206 0.906428 -0.409537 -36.6022
0 0 0 1

0.977223 -0.167613 -0.130135 -100.723
-0.188625 -0.405182 -0.89456 -14.581
0.0972095 0.89873 -0.427574 -37.4973
0 0 0 1

0.975898 -0.169295 -0.137683 -101.085
-0.198074 -0.42247 -0.884463 -15.5107
0.0915655 0.890415 -0.445826 -38.3016
0 0 0 1

0.977498 -0.161984 -0.135104 -100.652
-0.192627 -0.424525 -0.884682 -14.4646
0.0859459 0.890797 -0.446181 -38.5698
0 0 0 1


0
0
0

0
0
0

0
0
0

0
0
0

0
0
0

0
0
0

0
0
0

0
0
0

0
0
0

0
0
0

0
0
0

0
0
0

0
0
0

0
0
0

0
0
0

0
0
0

0
0
0

0
0
0

0
0
0

0
0
0

0
0
0

0
0
0

0
0
0

0
0
0

0
0
0

0
0
0

0
0
0

0
0
0

0
0
0

0
0
0

0
0
0

0
0
0

0
0
0

0
0
0

0
0
0

0
0
0

0
0
0

0
0
0

0
0
0

0
0
0

0
0
0

0
0
0

0
0
0

0
0
0

0
0
0

0
0
0

0
0
0

0
0
0

0
0
0

0
0
0

0
0
0

0
0
0

0
0
0

0
0
0

0
0
0

0
0
0

0
0
0

0
0
0

0
0
0

0
0
0

0
0
0

0
0
0

0
0
0

0
0
0

0
0
0

0
0
0

0
0
0

0
0
0

0
0
0

0
0
0

0
0
0

0
0
0

0
0
0

0
0
0

0
0
0

0
0
0

0
0
0

0
0
0

0
0
0

0
0
0

0
0
0

0
0
0

0
0
0

0
0
0

0
0
0

0
0
0

0
0
0

0
0
0

0
0
0

0
0
0

0
0
0

0
0
0

0
0
0

0
0
0

0
0
0

0
0
0

0
0
0

0
0
0

0
0
0

0
0
0

0
0
0

0
0
0

0
0
0

0
0
0

0
0
0

0
0
0

0
0
0

0
0
0

0
0
0

0
0
0

0
0
0

0
0
0

0
0
0

0
0
0

0
0
0

0
0
0

0
0
0

0
0
0

0
0
0

0
0
0

0
0
0

0
0
0

0
0
0

0
0
0

0
0
0

0
0
0

0
0
0

0
0
0

0
0
0

0
0
0

0
0
0

0
0
0

0
0
0

0
0
0

0
0
0

0
0
0

0
0
0

0
0
0

0
0
0

0
0
0

0
0
0

0
0
0

0
0
0

0
0
0

0
0
0

0
0
0

0
0
0

0
0
0

0
0
0

0
0
0

0
0
0

0
0
0

0
0
0

0
0
0

0
0
0

0
0
0

0
0
0

0
0
0

0
0
0

0
0
0

0
0
0

0
0
0

0
0
0

0
0
0

0
0
0

0
0
0

0
0
0

0
0
0

0
0
0

0
0
0

0
0
0

0
0
0

0
0
0

0
0
0

0
0
0

0
0
0

0
0
0

0
0
0

0
0
0

0
0
0

0
0
0

0
0
0

0
0
0

0
0
0

0
0
0

0
0
0

0
0
0

0
0
0

0
0
0

0
0
0

0
0
0

0
0
0

0
0
0

0
0
0

0
0
0

0
0
0

0
0
0

0
0
0

0
0
0

0
0
0

0
0
0

0
0
0

0
0
0

0
0
0

0
0
0

0
0
0

0
0
0

0
0
0

0
0
0

0
0
0

0
0
0

0
0
0

0
0
0

0
0
0

0
0
0

0
0
0

0
0
0

0
0
0

0
0
0

0
0
0

0
0
0

0
0
0

0
0
0

0
0
0

0
0
0

0
0
0

0
0
0

0
0
0

0
0
0

0
0
0

0
0
0

0
0
0

0
0
0

0
0
0

0
0
0

0
0
0

0
0
0

0
0
0

0
0
0

0
0
0

0
0
0

0
0
0

0
0
0

0
0
0

0
0
0

0
0
0

0
0
0

0
0
0

0
0
0

0
0
0

0
0
0

0
0
0

0
0
0

0
0
0

0
0
0

0
0
0

0
0
0

0
0
0

0
0
0

0
0
0

0
0
0

0
0
0

0
0
0

0
0
0

0
0
0

0
0
0

0
0
0

0
0
0

0
0
0

0
0
0

0
0
0

0
0
0

0
0
0

0
0
0

0
0
0

0
0
0

0
0
0

0
0
0

0
0
0

0
0
0

0
0
0

0
0
0

0
0
0

0
0
0

0
0
0

0
0
0

0
0
0

0
0
0

0
0
0

0
0
0

0
0
0

0
0
0

0
0
0

0
0
0

0
0
0

0
0
0

0
0
0

0
0
0

0
0
0

0
0
0

0
0
0

0
0
0

0
0
0

0
0
0

0
0
0

0
0
0

0
0
0

0
0
0

0
0
0

0
0
0

0
0
0

0
0
0

0
0
0

0
0
0

0
0
0

0
0
0

0
0
0

0
0
0

0
0
0

0
0
0

0
0
0

0
0
0

0
0
0

0
0
0

0
0
0

0
0
0

0
0
0

0
0
0

0
0
0

0
0
0

0
0
0

0
0
0

0
0
0

0
0
0

0
0
0

0
0
0

0
0
0

0
0
0

0
0
0

0
0
0

0
0
0

0
0
0

0
0
0

0
0
0

0
0
0

0
0
0

0
0
0

0
0
0

0
0
0

0
0
0

0
0
0

0
0
0

0
0
0

0
0
0

0
0
0

0
0
0

0
0
0

0
0
0

0
0
0

0
0
0

0
0
0

0
0
0

0
0
0

0
0
0

0
0
0

0
0
0

0
0
0

0
0
0

0
0
0

0
0
0

0
0
0

0
0
0

0
0
0

0
0
0

0
0
0
