098_l_femur_affected.stl
098_l_patel_affected.stl

173.926 18.0215 1330.72
35703.9 -15763.5 -31.8718
-0.0010576 -0.0884257 0.996192
0.00406754

0.603024
12
7.04009

207.773 20.8427 1315.17
138.042 46.2421 1313.75

4

-1 0 0 0
-1 0 0 0
-1 0 0 0
-1 0 0 0

63

0.954809 0.283708 -0.0886056 151.132
-0.272202 0.954392 0.122654 -41.981
0.119362 -0.0929927 0.988487 650.613
0 0 0 1

0.946351 0.296683 -0.128059 177.859
-0.281996 0.951749 0.121042 -40.0165
0.157792 -0.0784356 0.984352 649.176
0 0 0 1

0.940806 0.290922 -0.173922 208.33
-0.273911 0.954802 0.115434 -36.7719
0.199644 -0.0609614 0.977971 649.012
0 0 0 1

0.928805 0.301234 -0.215825 237.239
-0.283083 0.952611 0.111342 -33.2769
0.239137 -0.0423183 0.970064 650.164
0 0 0 1

0.918619 0.301819 -0.255045 264.09
-0.283524 0.953023 0.106607 -30.0822
0.275239 -0.0256196 0.961035 652.342
0 0 0 1

0.909748 0.297233 -0.289848 287.834
-0.281456 0.954791 0.0957091 -22.9764
0.305192 -0.00549161 0.952276 654.969
0 0 0 1

0.902277 0.290922 -0.318217 307.162
-0.28139 0.956531 0.0766268 -10.2164
0.326677 0.0204046 0.944918 657.563
0 0 0 1

0.899153 0.279041 -0.337137 319.696
-0.277189 0.959259 0.0546857 4.09614
0.338661 0.0442804 0.939867 659.492
0 0 0 1

0.895288 0.271124 -0.353488 330.688
-0.281989 0.95918 0.0214814 26.6517
0.344883 0.0804491 0.935194 661.863
0 0 0 1

0.891204 0.26729 -0.366484 339.618
-0.289364 0.957204 -0.00554498 45.2616
0.349319 0.11099 0.930408 664.43
0 0 0 1

0.886441 0.26908 -0.376587 346.85
-0.30423 0.951921 -0.0359518 66.7281
0.348808 0.14644 0.925683 667.431
0 0 0 1

0.882272 0.270918 -0.384968 352.923
-0.320647 0.944603 -0.0701061 90.7929
0.344649 0.185293 0.920264 671.285
0 0 0 1

0.877149 0.273269 -0.394886 360.121
-0.337729 0.935623 -0.102717 113.924
0.341395 0.223465 0.91297 676.261
0 0 0 1

0.872116 0.279774 -0.401425 365.184
-0.363264 0.919836 -0.148126 146.181
0.327803 0.275007 0.903835 683.62
0 0 0 1

0.869338 0.286166 -0.40294 366.702
-0.385661 0.902653 -0.190997 176.487
0.309058 0.32144 0.895075 691.045
0 0 0 1

0.869169 0.289521 -0.400905 365.571
-0.402912 0.884647 -0.234655 206.883
0.28672 0.365484 0.885558 699.238
0 0 0 1

0.868119 0.292223 -0.401217 366.07
-0.420133 0.863034 -0.280462 238.736
0.264306 0.412039 0.871989 710.211
0 0 0 1

0.868223 0.295444 -0.398624 364.558
-0.436622 0.836555 -0.330962 273.561
0.235689 0.461397 0.855314 723.786
0 0 0 1

0.870208 0.298551 -0.391924 360.164
-0.448755 0.80865 -0.380398 307.405
0.203361 0.506904 0.837671 738.135
0 0 0 1

0.872735 0.298429 -0.386358 356.427
-0.457396 0.776479 -0.433437 343.288
0.170648 0.554995 0.814161 756.469
0 0 0 1

0.876877 0.295714 -0.378999 351.36
-0.45986 0.745713 -0.482119 375.852
0.140054 0.597045 0.789885 774.94
0 0 0 1

0.877853 0.293631 -0.378355 351.025
-0.465676 0.707872 -0.531093 408.901
0.111881 0.642413 0.758145 798.195
0 0 0 1

0.877533 0.291259 -0.380921 352.96
-0.471061 0.67212 -0.571274 436.21
0.0896348 0.680751 0.727008 820.432
0 0 0 1

0.87521 0.288569 -0.388245 358.251
-0.478356 0.635703 -0.605852 460.047
0.0719775 0.715969 0.694411 843.189
0 0 0 1

0.872226 0.285227 -0.397325 364.779
-0.486195 0.594075 -0.640851 484.112
0.0532524 0.752146 0.656841 869.402
0 0 0 1

0.869237 0.278597 -0.408423 372.599
-0.492936 0.55179 -0.672712 506.036
0.0379473 0.786075 0.616965 896.883
0 0 0 1

0.866768 0.266358 -0.421623 381.828
-0.498404 0.492293 -0.71361 534.083
0.0174854 0.828675 0.559457 936.371
0 0 0 1

0.864561 0.258538 -0.43092 388.362
-0.502496 0.454259 -0.735626 549.396
0.00556137 0.852531 0.522648 961.497
0 0 0 1

0.861395 0.251631 -0.441225 395.664
-0.50791 0.41825 -0.753056 561.789
-0.00495036 0.872783 0.488083 985.052
0 0 0 1

0.858982 0.244266 -0.449982 401.885
-0.51177 0.383021 -0.769016 573.084
-0.015492 0.89086 0.454015 1008.29
0 0 0 1

0.857508 0.233772 -0.45829 407.683
-0.513927 0.348341 -0.783924 583.548
-0.0236182 0.907751 0.418846 1032.1
0 0 0 1

0.855092 0.225001 -0.467109 413.948
-0.517603 0.318233 -0.794239 591.179
-0.0300557 0.920927 0.388578 1052.48
0 0 0 1

0.852537 0.215863 -0.476006 420.254
-0.521319 0.285875 -0.804054 598.431
-0.037487 0.93364 0.35625 1074.37
0 0 0 1

0.849182 0.20531 -0.486557 427.704
-0.526384 0.254855 -0.811154 603.989
-0.0425362 0.944937 0.324487 1095.69
0 0 0 1

0.843745 0.196251 -0.49958 437.049
-0.534792 0.228081 -0.813621 606.843
-0.045729 0.953664 0.297392 1113.77
0 0 0 1

0.83779 0.18905 -0.512217 446.236
-0.54361 0.201297 -0.814843 608.823
-0.0509382 0.961118 0.271412 1131.28
0 0 0 1

0.832895 0.179622 -0.523471 454.404
-0.550547 0.1725 -0.816788 611.073
-0.0564134 0.968498 0.242562 1150.76
0 0 0 1

0.826894 0.171957 -0.53542 463.175
-0.558831 0.144835 -0.816536 611.991
-0.062861 0.974402 0.215857 1168.91
0 0 0 1

0.821984 0.164975 -0.545089 470.329
-0.565275 0.119878 -0.816146 612.715
-0.0692982 0.978989 0.191792 1185.3
0 0 0 1

0.81812 0.157918 -0.552936 476.155
-0.569991 0.0955055 -0.816082 613.537
-0.0760651 0.982826 0.168145 1201.46
0 0 0 1

0.814716 0.147985 -0.560655 481.807
-0.57403 0.0691178 -0.815913 614.231
-0.0819906 0.986575 0.141257 1219.74
0 0 0 1

0.81176 0.140197 -0.56691 486.503
-0.57737 0.0469312 -0.815134 614.548
-0.0876728 0.989014 0.11904 1234.89
0 0 0 1

0.808591 0.129401 -0.573961 491.7
-0.580876 0.0203929 -0.813738 614.349
-0.0935933 0.991387 0.0916535 1253.52
0 0 0 1

0.806042 0.119658 -0.579632 495.969
-0.58344 -0.00391577 -0.812149 613.964
-0.0994489 0.992812 0.066655 1270.59
0 0 0 1

0.803912 0.111808 -0.58414 499.438
-0.585202 -0.0265239 -0.810456 613.451
-0.106109 0.993381 0.0441052 1286.06
0 0 0 1

0.802269 0.103672 -0.587888 502.345
-0.586315 -0.0482973 -0.808643 612.777
-0.112227 0.993442 0.0220345 1301.22
0 0 0 1

0.798951 0.0949634 -0.593846 506.831
-0.589518 -0.0715838 -0.804578 610.711
-0.118915 0.992907 -0.00121218 1317.23
0 0 0 1

0.799519 0.0878657 -0.594174 507.248
-0.587838 -0.0886474 -0.804107 610.752
-0.123325 0.992184 -0.0192272 1329.58
0 0 0 1

0.799365 0.079794 -0.595518 508.383
-0.586509 -0.111559 -0.802224 609.772
-0.130448 0.990553 -0.0423791 1345.6
0 0 0 1

0.802387 0.0727221 -0.592352 506.229
-0.580709 -0.133789 -0.803044 610.218
-0.137649 0.988343 -0.0651233 1361.35
0 0 0 1

0.805635 0.0640366 -0.588937 503.831
-0.574554 -0.157769 -0.803117 610.117
-0.144345 0.985402 -0.0903147 1378.74
0 0 0 1

0.809325 0.0540737 -0.584861 500.894
-0.568079 -0.180947 -0.802835 609.803
-0.149241 0.98201 -0.115729 1396.13
0 0 0 1

0.814734 0.0452446 -0.57806 496.016
-0.558529 -0.206499 -0.80337 609.746
-0.155717 0.977404 -0.142974 1414.9
0 0 0 1

0.822119 0.035189 -0.568221 488.905
-0.546388 -0.231598 -0.804874 610.103
-0.159921 0.972179 -0.171177 1434.1
0 0 0 1

0.831315 0.0267334 -0.555151 479.499
-0.531936 -0.251246 -0.808652 611.887
-0.161098 0.967557 -0.194647 1449.9
0 0 0 1

0.844916 0.0192215 -0.534547 464.712
-0.509793 -0.273608 -0.815628 615.101
-0.161934 0.961652 -0.22138 1467.87
0 0 0 1

0.855993 0.00951083 -0.516892 451.998
-0.491732 -0.293663 -0.819732 616.83
-0.159589 0.955864 -0.2467 1484.64
0 0 0 1

0.86755 -0.000588954 -0.497342 437.945
-0.472161 -0.315143 -0.823254 618.043
-0.15625 0.949046 -0.273683 1502.48
0 0 0 1

0.87926 -0.010036 -0.476227 422.85
-0.451303 -0.337385 -0.826132 618.643
-0.152382 0.941315 -0.301182 1520.59
0 0 0 1

0.892675 -0.0218202 -0.450164 404.194
-0.42678 -0.36196 -0.828758 618.731
-0.144859 0.93194 -0.332428 1540.92
0 0 0 1

0.905396 -0.0331759 -0.423258 385.01
-0.402538 -0.383978 -0.830975 618.629
-0.134955 0.922747 -0.361011 1559.28
0 0 0 1

0.909112 -0.0438002 -0.414233 378.762
-0.394405 -0.410399 -0.8222 612.347
-0.13399 0.910855 -0.390377 1578.86
0 0 0 1

0.90884 -0.0531004 -0.413741 378.502
-0.395396 -0.425686 -0.81391 607.208
-0.132906 0.903313 -0.40788 1590.56
0 0 0 1


0
0
0

0
0
0

0
0
0

0
0
0

0
0
0

0
0
0

0
0
0

0
0
0

0
0
0

0
0
0

0
0
0

0
0
0

0
0
0

0
0
0

0
0
0

0
0
0

0
0
0

0
0
0

0
0
0

0
0
0

0
0
0

0
0
0

0
0
0

0
0
0

0
0
0

0
0
0

0
0
0

0
0
0

0
0
0

0
0
0

0
0
0

0
0
0

0
0
0

0
0
0

0
0
0

0
0
0

0
0
0

0
0
0

0
0
0

0
0
0

0
0
0

0
0
0

0
0
0

0
0
0

0
0
0

0
0
0

0
0
0

0
0
0

0
0
0

0
0
0

0
0
0

0
0
0

0
0
0

0
0
0

0
0
0

0
0
0

0
0
0

0
0
0

0
0
0

0
0
0

0
0
0

0
0
0

0
0
0

0
0
0

0
0
0

0
0
0

0
0
0

0
0
0

0
0
0

0
0
0

0
0
0

0
0
0

0
0
0

0
0
0

0
0
0

0
0
0

0
0
0

0
0
0

0
0
0

0
0
0

0
0
0

0
0
0

0
0
0

0
0
0

0
0
0

0
0
0

0
0
0

0
0
0

0
0
0

0
0
0

0
0
0

0
0
0

0
0
0

0
0
0

0
0
0

0
0
0

0
0
0

0
0
0

0
0
0

0
0
0

0
0
0

0
0
0

0
0
0

0
0
0

0
0
0

0
0
0

0
0
0

0
0
0

0
0
0

0
0
0

0
0
0

0
0
0

0
0
0

0
0
0

0
0
0

0
0
0

0
0
0

0
0
0

0
0
0

0
0
0

0
0
0

0
0
0

0
0
0

0
0
0

0
0
0

0
0
0

0
0
0

0
0
0

0
0
0

0
0
0

0
0
0

0
0
0

0
0
0

0
0
0

0
0
0

0
0
0

0
0
0

0
0
0

0
0
0

0
0
0

0
0
0

0
0
0

0
0
0

0
0
0

0
0
0

0
0
0

0
0
0

0
0
0

0
0
0

0
0
0

0
0
0

0
0
0

0
0
0

0
0
0

0
0
0

0
0
0

0
0
0

0
0
0

0
0
0

0
0
0

0
0
0

0
0
0

0
0
0

0
0
0

0
0
0

0
0
0

0
0
0

0
0
0

0
0
0

0
0
0

0
0
0

0
0
0

0
0
0

0
0
0

0
0
0

0
0
0

0
0
0

0
0
0

0
0
0

0
0
0

0
0
0

0
0
0

0
0
0

0
0
0

0
0
0

0
0
0

0
0
0

0
0
0

0
0
0
