101_l_femur_affected.stl
101_l_patel_affected.stl

194.063 6.02048 2562.61
44619 -8937.69 2838.95
-0.0686573 -0.310984 0.948682
0.00256161

0.71057
20
6.74576

227.603 21.4218 2560.27
154.931 33.3104 2557.23

4

-1 0 0 0
-1 0 0 0
-1 0 0 0
-1 0 0 0

115

0.909488 0.319343 -0.266178 447.961
-0.247115 0.930139 0.271594 -313.183
0.334317 -0.181237 0.92487 1330.66
0 0 0 1

0.909276 0.323636 -0.26168 442.355
-0.252105 0.928556 0.272424 -313.881
0.331153 -0.18174 0.925909 1328.98
0 0 0 1

0.914779 0.320572 -0.245791 421.268
-0.254975 0.930148 0.264204 -302.992
0.31332 -0.179019 0.932622 1321.52
0 0 0 1

0.925596 0.296966 -0.2347 405.415
-0.239645 0.93971 0.243938 -278.141
0.292993 -0.169545 0.940962 1312.33
0 0 0 1

0.924993 0.298952 -0.234554 405.437
-0.243401 0.940159 0.238425 -270.688
0.291797 -0.163452 0.942411 1310.06
0 0 0 1

0.923853 0.299459 -0.238369 410.603
-0.245216 0.941265 0.232122 -262.397
0.29388 -0.155996 0.943027 1308.56
0 0 0 1

0.924152 0.299883 -0.236672 408.476
-0.246867 0.941571 0.229107 -258.389
0.291549 -0.153304 0.944191 1306.67
0 0 0 1

0.924564 0.298067 -0.237354 409.344
-0.247162 0.943248 0.221776 -248.884
0.289989 -0.146382 0.945769 1304.28
0 0 0 1

0.924981 0.298776 -0.234826 406.137
-0.248853 0.943241 0.219904 -246.388
0.2872 -0.144972 0.946837 1302.54
0 0 0 1

0.923261 0.30317 -0.23596 407.947
-0.255001 0.942991 0.21385 -238.041
0.287342 -0.137271 0.94794 1300.61
0 0 0 1

0.922584 0.305879 -0.235109 407.045
-0.257691 0.942107 0.214518 -238.811
0.287115 -0.137327 0.948001 1299.86
0 0 0 1

0.920876 0.306037 -0.24151 415.52
-0.257553 0.942614 0.212441 -236.135
0.292666 -0.133433 0.946859 1300.41
0 0 0 1

0.918851 0.305432 -0.249844 426.527
-0.257748 0.943967 0.206096 -227.854
0.298794 -0.124978 0.946097 1300.56
0 0 0 1

0.917204 0.305935 -0.255226 433.705
-0.259221 0.944695 0.20085 -220.898
0.302558 -0.118063 0.945789 1300.34
0 0 0 1

0.91612 0.305544 -0.259547 439.446
-0.261359 0.946094 0.191266 -208.209
0.303996 -0.107391 0.9466 1298.99
0 0 0 1

0.915374 0.305695 -0.261991 442.747
-0.26428 0.94715 0.181794 -195.623
0.303719 -0.0971742 0.947792 1297.33
0 0 0 1

0.914881 0.306232 -0.263086 444.323
-0.268023 0.948024 0.171466 -181.84
0.30192 -0.0863628 0.949412 1295.25
0 0 0 1

0.91526 0.304656 -0.263598 445.02
-0.270898 0.949706 0.157038 -162.823
0.298183 -0.0723272 0.951764 1292.51
0 0 0 1

0.915449 0.30464 -0.262959 444.267
-0.275568 0.950719 0.142082 -142.959
0.293283 -0.0576108 0.954288 1289.66
0 0 0 1

0.915965 0.30307 -0.262976 444.292
-0.279566 0.952138 0.123567 -118.51
0.287837 -0.0396686 0.956857 1286.88
0 0 0 1

0.916493 0.302395 -0.261911 442.96
-0.284428 0.952932 0.104951 -93.8801
0.281319 -0.0216965 0.959368 1284.25
0 0 0 1

0.917719 0.298204 -0.262427 443.5
-0.287636 0.954495 0.0787502 -59.5687
0.273967 0.00320815 0.961734 1282.04
0 0 0 1

0.91968 0.295305 -0.258815 438.652
-0.290186 0.955167 0.0586881 -33.2774
0.26454 0.0211252 0.964143 1279.83
0 0 0 1

0.920039 0.294436 -0.25853 438.333
-0.296821 0.954438 0.030695 3.66834
0.255786 0.0484914 0.965517 1279.08
0 0 0 1

0.919074 0.296896 -0.259148 439.428
-0.307582 0.951521 -0.000722815 45.4292
0.246367 0.0803683 0.965839 1279.8
0 0 0 1

0.918664 0.295521 -0.262153 443.493
-0.317056 0.947428 -0.0430357 101.136
0.23565 0.122647 0.964068 1283.61
0 0 0 1

0.915621 0.296035 -0.272033 456.775
-0.33103 0.939099 -0.0922316 166.095
0.22816 0.174496 0.957859 1293.03
0 0 0 1

0.914911 0.295558 -0.274926 460.804
-0.341175 0.930199 -0.13537 222.868
0.215723 0.217645 0.95189 1302.41
0 0 0 1

0.914999 0.294989 -0.275243 461.432
-0.349018 0.920967 -0.173215 272.585
0.202391 0.254552 0.945643 1312.08
0 0 0 1

0.915425 0.29778 -0.270785 455.909
-0.356563 0.912082 -0.202401 311.115
0.186704 0.281831 0.941122 1319.56
0 0 0 1

0.915637 0.295395 -0.272673 458.465
-0.362392 0.900115 -0.241788 362.573
0.174012 0.3202 0.93123 1334.06
0 0 0 1

0.916287 0.293853 -0.272152 457.852
-0.365678 0.890973 -0.269149 398.269
0.163388 0.346133 0.923847 1344.86
0 0 0 1

0.91665 0.292407 -0.272487 458.361
-0.368559 0.882154 -0.29319 429.634
0.154643 0.369175 0.916401 1355.54
0 0 0 1

0.917027 0.290514 -0.273243 459.365
-0.370783 0.873377 -0.315797 459.124
0.146899 0.390903 0.908632 1366.5
0 0 0 1

0.918022 0.286696 -0.273933 460.153
-0.371565 0.863197 -0.341796 492.834
0.138465 0.415555 0.898964 1380.07
0 0 0 1

0.918974 0.282861 -0.274726 461.084
-0.373106 0.849181 -0.373734 534.203
0.127576 0.445948 0.885917 1398.4
0 0 0 1

0.920372 0.278792 -0.274205 460.271
-0.373153 0.835814 -0.402697 571.641
0.116914 0.472946 0.873297 1416.06
0 0 0 1

0.92219 0.273138 -0.273786 459.493
-0.372042 0.819843 -0.435242 613.517
0.105579 0.50323 0.857675 1437.73
0 0 0 1

0.923258 0.266628 -0.276589 462.946
-0.371743 0.801701 -0.468054 655.84
0.0969438 0.534949 0.839299 1462.67
0 0 0 1

0.924731 0.259859 -0.278105 464.683
-0.370044 0.784812 -0.497121 693.261
0.089077 0.562608 0.821905 1486.15
0 0 0 1

0.925529 0.252693 -0.282024 469.6
-0.369327 0.766802 -0.524981 729.219
0.0835957 0.590038 0.803029 1511.28
0 0 0 1

0.925607 0.247923 -0.285976 474.701
-0.370483 0.748006 -0.550657 762.541
0.0773891 0.615634 0.784215 1536.37
0 0 0 1

0.925909 0.241537 -0.29043 480.391
-0.370926 0.726756 -0.578129 798.096
0.0714302 0.643016 0.762506 1565.2
0 0 0 1

0.926298 0.237988 -0.292114 482.559
-0.371278 0.708601 -0.600025 826.544
0.0641919 0.66425 0.744739 1588.92
0 0 0 1

0.925876 0.234008 -0.296633 488.48
-0.373308 0.6876 -0.622768 856.199
0.0582303 0.687334 0.723993 1616.45
0 0 0 1

0.926575 0.229537 -0.297937 490.12
-0.372556 0.668682 -0.643474 883.004
0.0515226 0.707218 0.705103 1641.56
0 0 0 1

0.928649 0.225426 -0.2946 485.584
-0.368443 0.652709 -0.661978 906.649
0.0430594 0.723282 0.689198 1662.77
0 0 0 1

0.929951 0.220365 -0.294325 485.098
-0.365888 0.633513 -0.681752 932.079
0.0362232 0.741679 0.669767 1688.61
0 0 0 1

0.930669 0.216561 -0.294878 485.761
-0.364657 0.614255 -0.699796 955.416
0.0295803 0.758802 0.650641 1714.01
0 0 0 1

0.931692 0.211017 -0.295671 486.652
-0.362399 0.595508 -0.716964 977.528
0.0247815 0.775133 0.631303 1739.51
0 0 0 1

0.932111 0.204556 -0.298873 490.717
-0.361566 0.573158 -0.735365 1001.31
0.0208767 0.793497 0.608208 1769.84
0 0 0 1

0.932253 0.199262 -0.301992 494.711
-0.361357 0.554272 -0.749806 1020.12
0.0179763 0.808129 0.588726 1795.32
0 0 0 1

0.931572 0.19338 -0.307861 502.365
-0.36319 0.532924 -0.764259 1039.09
0.0162723 0.823766 0.566689 1824.04
0 0 0 1

0.930772 0.189842 -0.312446 508.434
-0.365325 0.515819 -0.774903 1053.26
0.014055 0.835395 0.549463 1846.52
0 0 0 1

0.929181 0.185548 -0.319676 517.987
-0.369394 0.496303 -0.785645 1067.68
0.0128802 0.848086 0.529694 1872.2
0 0 0 1

0.927041 0.181078 -0.328333 529.473
-0.374737 0.477181 -0.794906 1080.33
0.0127333 0.859941 0.510222 1897.46
0 0 0 1

0.923721 0.177951 -0.339221 543.989
-0.382839 0.458968 -0.80174 1090.1
0.0130201 0.870443 0.492083 1920.9
0 0 0 1

0.91982 0.173853 -0.351718 560.626
-0.392077 0.439923 -0.807929 1099.13
0.0142668 0.881041 0.472812 1945.76
0 0 0 1

0.915618 0.169154 -0.364733 577.958
-0.401732 0.420745 -0.813382 1107.24
0.0158716 0.891264 0.453194 1971.04
0 0 0 1

0.911881 0.162899 -0.376744 593.918
-0.410076 0.400762 -0.819289 1115.8
0.0175227 0.90158 0.432245 1998.07
0 0 0 1

0.906045 0.161805 -0.391026 613.155
-0.422765 0.386961 -0.819474 1117.54
0.0187154 0.907784 0.419006 2015.06
0 0 0 1

0.900791 0.1589 -0.404135 630.777
-0.433806 0.371299 -0.820948 1120.74
0.0196058 0.914812 0.403391 2035.17
0 0 0 1

0.895549 0.153351 -0.417705 648.921
-0.444468 0.352527 -0.823517 1125.25
0.0209643 0.923149 0.38386 2060.34
0 0 0 1

0.889942 0.150114 -0.430663 666.372
-0.455564 0.337151 -0.823892 1127.04
0.0215193 0.929403 0.368426 2080.27
0 0 0 1

0.884525 0.146011 -0.443055 683.063
-0.465982 0.320921 -0.824546 1129.13
0.0217914 0.935779 0.351897 2101.65
0 0 0 1

0.880001 0.14222 -0.453182 696.732
-0.474452 0.307794 -0.824721 1130.47
0.0221936 0.940761 0.338331 2119.18
0 0 0 1

0.876729 0.136783 -0.461128 707.41
-0.480557 0.289489 -0.82781 1135.2
0.02026 0.947357 0.319529 2143.74
0 0 0 1

0.872826 0.133607 -0.46939 718.607
-0.487617 0.278362 -0.827498 1135.82
0.0200995 0.951138 0.308105 2158.52
0 0 0 1

0.869303 0.129304 -0.47707 728.963
-0.493889 0.265603 -0.827972 1137.29
0.0196498 0.955372 0.294745 2175.88
0 0 0 1

0.865936 0.123759 -0.484605 739.071
-0.499885 0.245981 -0.830434 1141.18
0.0164288 0.961344 0.274863 2201.89
0 0 0 1

0.865015 0.117561 -0.487783 743.28
-0.501556 0.229356 -0.834176 1146.41
0.0138077 0.966218 0.257353 2224.81
0 0 0 1

0.864881 0.107291 -0.490379 746.573
-0.501878 0.204081 -0.840525 1154.79
0.00989565 0.973059 0.230346 2260.16
0 0 0 1

0.865006 0.0943552 -0.492814 749.591
-0.501726 0.174251 -0.847301 1163.66
0.00592482 0.980173 0.198062 2302.35
0 0 0 1

0.867078 0.0732 -0.49277 749.04
-0.498171 0.129407 -0.857373 1176.4
0.00100691 0.988888 0.148665 2366.84
0 0 0 1

0.874219 0.0658827 -0.481046 733.159
-0.485521 0.112137 -0.86701 1188.38
-0.00317923 0.99151 0.130012 2391.52
0 0 0 1

0.880624 0.0517787 -0.470985 719.263
-0.473783 0.0843595 -0.876598 1200.04
-0.00565814 0.995094 0.0988135 2432.26
0 0 0 1

0.885448 0.0418321 -0.462857 708.189
-0.464711 0.0688005 -0.882792 1207.74
-0.00508533 0.996757 0.0803517 2456.17
0 0 0 1

0.893811 0.0242093 -0.447795 687.539
-0.448422 0.0380753 -0.893018 1219.77
-0.00457052 0.998986 0.0448806 2502.02
0 0 0 1

0.893342 0.0341622 -0.448082 688.434
-0.449292 0.0483653 -0.892083 1219.4
-0.00880489 0.998251 0.0585481 2484.82
0 0 0 1

0.898996 0.0245401 -0.437274 673.785
-0.437854 0.0285038 -0.898602 1227.1
-0.00958882 0.999299 0.0363623 2513.57
0 0 0 1

0.904463 0.0164413 -0.426242 658.903
-0.426443 0.011866 -0.904445 1234.08
-0.00981345 0.999803 0.0177362 2537.68
0 0 0 1

0.909976 0.00890251 -0.414573 643.152
-0.414589 0.000310079 -0.910018 1240.73
-0.00797387 0.999969 0.00396571 2555.37
0 0 0 1

0.913325 0.00223413 -0.407235 633.218
-0.40716 -0.0145062 -0.913251 1244.64
-0.0079487 0.999901 -0.0123464 2576.54
0 0 0 1

0.916337 -0.00300332 -0.400404 624.038
-0.40035 -0.0245934 -0.916042 1248.18
-0.00709714 0.999702 -0.0237455 2591.27
0 0 0 1

0.919471 -0.00776764 -0.393088 614.193
-0.393111 -0.0343389 -0.91886 1251.72
-0.00636186 0.999389 -0.0346344 2605.36
0 0 0 1

0.922236 -0.0107691 -0.386482 605.361
-0.38656 -0.044628 -0.921194 1254.61
-0.00732846 0.998954 -0.0453278 2619.42
0 0 0 1

0.924601 -0.0143011 -0.380673 597.598
-0.380881 -0.0521992 -0.92316 1257.14
-0.00666969 0.998543 -0.0537178 2630.3
0 0 0 1

0.926632 -0.0176506 -0.375562 590.789
-0.375892 -0.0644181 -0.924433 1258.71
-0.00787723 0.997776 -0.0663338 2646.85
0 0 0 1

0.928648 -0.0220706 -0.370311 583.754
-0.370898 -0.0743042 -0.925707 1260.32
-0.0070857 0.997001 -0.0771955 2660.93
0 0 0 1

0.930843 -0.0235702 -0.364662 576.284
-0.365322 -0.0832523 -0.927162 1262.15
-0.00850662 0.996258 -0.0861128 2672.72
0 0 0 1

0.932547 -0.0242267 -0.360239 570.504
-0.360909 -0.0904438 -0.928216 1263.64
-0.0100947 0.995617 -0.0930937 2682.06
0 0 0 1

0.934225 -0.0264792 -0.355703 564.567
-0.35642 -0.107723 -0.928106 1263.45
-0.013743 0.993836 -0.110083 2704.51
0 0 0 1

0.937269 -0.0398502 -0.346326 551.888
-0.348582 -0.119449 -0.929647 1265.13
-0.00432285 0.992049 -0.125854 2724.01
0 0 0 1

0.941343 -0.0438596 -0.334594 536.243
-0.337452 -0.118374 -0.933882 1270.21
0.00135125 0.992009 -0.126238 2724.1
0 0 0 1

0.944817 -0.0424707 -0.324841 523.399
-0.327602 -0.11895 -0.937309 1274.33
0.00116712 0.992 -0.126307 2724.4
0 0 0 1

0.945681 -0.0328818 -0.323435 521.852
-0.324778 -0.139808 -0.935411 1271.77
-0.0144617 0.989641 -0.1429 2747.74
0 0 0 1

0.949632 -0.0498811 -0.309377 502.933
-0.313368 -0.155524 -0.936821 1272.68
-0.00138704 0.98658 -0.163329 2772.86
0 0 0 1

0.952397 -0.0595827 -0.298987 488.946
-0.304796 -0.165349 -0.937966 1273.58
0.00644785 0.984443 -0.175646 2788.07
0 0 0 1

0.954447 -0.0677181 -0.290603 477.68
-0.298164 -0.178766 -0.937637 1272.63
0.0115435 0.981569 -0.19082 2807.26
0 0 0 1

0.956484 -0.0714584 -0.282909 467.409
-0.291421 -0.185 -0.938548 1273.42
0.0147273 0.980149 -0.19778 2816.07
0 0 0 1

0.958954 -0.0813404 -0.271656 452.255
-0.282588 -0.194437 -0.939341 1273.54
0.0235851 0.977548 -0.209447 2830.28
0 0 0 1

0.9597 -0.0837572 -0.268266 447.792
-0.279901 -0.199179 -0.939152 1273.23
0.0252262 0.976388 -0.214602 2836.89
0 0 0 1

0.959812 -0.0901182 -0.265792 444.364
-0.279317 -0.214432 -0.935964 1268.82
0.0273513 0.972585 -0.230991 2857.82
0 0 0 1

0.960669 -0.0925871 -0.261817 439.118
-0.276208 -0.220803 -0.935404 1267.94
0.0287946 0.970926 -0.237697 2866.43
0 0 0 1

0.961847 -0.0989299 -0.255085 430.157
-0.271235 -0.222565 -0.936442 1269.08
0.0358672 0.969898 -0.240911 2869.89
0 0 0 1

0.963208 -0.0968228 -0.250718 424.448
-0.266512 -0.223589 -0.937554 1270.24
0.0347169 0.969876 -0.241172 2870.48
0 0 0 1

0.964135 -0.101203 -0.245366 417.343
-0.262415 -0.22484 -0.93841 1271.12
0.0398003 0.969138 -0.243339 2872.82
0 0 0 1

0.965795 -0.101704 -0.238537 408.373
-0.256086 -0.229421 -0.939049 1271.38
0.0407777 0.968011 -0.247625 2878.29
0 0 0 1

0.966795 -0.103539 -0.233643 401.922
-0.252169 -0.238147 -0.937935 1269.56
0.0414696 0.965705 -0.256355 2889.53
0 0 0 1

0.968531 -0.111241 -0.222659 387.366
-0.244639 -0.260623 -0.933945 1263.25
0.0458605 0.959022 -0.279641 2919.12
0 0 0 1

0.970761 -0.107422 -0.21468 376.957
-0.236188 -0.267539 -0.934166 1262.63
0.0429127 0.957552 -0.285094 2926.54
0 0 0 1

0.971775 -0.105501 -0.211011 372.228
-0.232289 -0.271684 -0.933948 1262
0.0412022 0.956599 -0.288528 2931.21
0 0 0 1

0.971578 -0.103623 -0.212841 374.711
-0.2336 -0.274091 -0.932917 1260.86
0.0383316 0.956117 -0.290512 2934.13
0 0 0 1

0.971624 -0.103575 -0.212654 374.532
-0.233864 -0.285924 -0.929292 1255.97
0.0354464 0.95265 -0.302039 2949.31
0 0 0 1

0.973398 -0.0909819 -0.210288 371.748
-0.228252 -0.305023 -0.924603 1249.41
0.0199781 0.948002 -0.317681 2971.23
0 0 0 1


0
0
0

0
0
0

0
0
0

0
0
0

0
0
0

0
0
0

0
0
0

0
0
0

0
0
0

0
0
0

0
0
0

0
0
0

0
0
0

0
0
0

0
0
0

0
0
0

0
0
0

0
0
0

0
0
0

0
0
0

0
0
0

0
0
0

0
0
0

0
0
0

0
0
0

0
0
0

0
0
0

0
0
0

0
0
0

0
0
0

0
0
0

0
0
0

0
0
0

0
0
0

0
0
0

0
0
0

0
0
0

0
0
0

0
0
0

0
0
0

0
0
0

0
0
0

0
0
0

0
0
0

0
0
0

0
0
0

0
0
0

0
0
0

0
0
0

0
0
0

0
0
0

0
0
0

0
0
0

0
0
0

0
0
0

0
0
0

0
0
0

0
0
0

0
0
0

0
0
0

0
0
0

0
0
0

0
0
0

0
0
0

0
0
0

0
0
0

0
0
0

0
0
0

0
0
0

0
0
0

0
0
0

0
0
0

0
0
0

0
0
0

0
0
0

0
0
0

0
0
0

0
0
0

0
0
0

0
0
0

0
0
0

0
0
0

0
0
0

0
0
0

0
0
0

0
0
0

0
0
0

0
0
0

0
0
0

0
0
0

0
0
0

0
0
0

0
0
0

0
0
0

0
0
0

0
0
0

0
0
0

0
0
0

0
0
0

0
0
0

0
0
0

0
0
0

0
0
0

0
0
0

0
0
0

0
0
0

0
0
0

0
0
0

0
0
0

0
0
0

0
0
0

0
0
0

0
0
0

0
0
0

0
0
0

0
0
0

0
0
0

0
0
0

0
0
0

0
0
0

0
0
0

0
0
0

0
0
0

0
0
0

0
0
0

0
0
0

0
0
0

0
0
0

0
0
0

0
0
0

0
0
0

0
0
0

0
0
0

0
0
0

0
0
0

0
0
0

0
0
0

0
0
0

0
0
0

0
0
0

0
0
0

0
0
0

0
0
0

0
0
0

0
0
0

0
0
0

0
0
0

0
0
0

0
0
0

0
0
0

0
0
0

0
0
0

0
0
0

0
0
0

0
0
0

0
0
0

0
0
0

0
0
0

0
0
0

0
0
0

0
0
0

0
0
0

0
0
0

0
0
0

0
0
0

0
0
0

0
0
0

0
0
0

0
0
0

0
0
0

0
0
0

0
0
0

0
0
0

0
0
0

0
0
0

0
0
0

0
0
0

0
0
0

0
0
0

0
0
0

0
0
0

0
0
0

0
0
0

0
0
0

0
0
0

0
0
0

0
0
0

0
0
0

0
0
0

0
0
0

0
0
0

0
0
0

0
0
0

0
0
0

0
0
0

0
0
0

0
0
0

0
0
0

0
0
0

0
0
0

0
0
0

0
0
0

0
0
0

0
0
0

0
0
0

0
0
0

0
0
0

0
0
0

0
0
0

0
0
0

0
0
0

0
0
0

0
0
0

0
0
0

0
0
0

0
0
0

0
0
0

0
0
0

0
0
0

0
0
0

0
0
0

0
0
0

0
0
0

0
0
0

0
0
0

0
0
0

0
0
0

0
0
0

0
0
0

0
0
0

0
0
0

0
0
0

0
0
0

0
0
0

0
0
0

0
0
0

0
0
0

0
0
0

0
0
0

0
0
0

0
0
0

0
0
0

0
0
0

0
0
0

0
0
0

0
0
0

0
0
0

0
0
0

0
0
0

0
0
0

0
0
0

0
0
0

0
0
0

0
0
0

0
0
0

0
0
0

0
0
0

0
0
0

0
0
0

0
0
0

0
0
0

0
0
0

0
0
0

0
0
0

0
0
0

0
0
0

0
0
0

0
0
0

0
0
0

0
0
0

0
0
0

0
0
0

0
0
0

0
0
0

0
0
0

0
0
0

0
0
0

0
0
0

0
0
0

0
0
0

0
0
0

0
0
0

0
0
0

0
0
0

0
0
0

0
0
0

0
0
0

0
0
0

0
0
0

0
0
0

0
0
0

0
0
0

0
0
0

0
0
0

0
0
0

0
0
0

0
0
0

0
0
0

0
0
0

0
0
0

0
0
0

0
0
0

0
0
0

0
0
0

0
0
0

0
0
0

0
0
0

0
0
0

0
0
0

0
0
0

0
0
0

0
0
0

0
0
0

0
0
0

0
0
0

0
0
0

0
0
0

0
0
0

0
0
0

0
0
0

0
0
0

0
0
0

0
0
0

0
0
0

0
0
0

0
0
0

0
0
0

0
0
0

0
0
0

0
0
0

0
0
0

0
0
0

0
0
0

0
0
0

0
0
0

0
0
0

0
0
0

0
0
0

0
0
0

0
0
0

0
0
0

0
0
0

0
0
0

0
0
0

0
0
0
