101_l_femur_affected.stl
101_l_patel_affected.stl

192.369 -0.692935 2566.66
-44294.3 -461.5 -5875.98
-0.169505 -0.370223 0.91347
0.00326007

0.71057
20
6.74576

227.603 21.4218 2560.27
154.931 33.3104 2557.23

4

-1 0 0 0
-1 0 0 0
-1 0 0 0
-1 0 0 0

93

0.924157 0.32366 0.202925 -156.598
-0.340822 0.9385 0.0552752 -24.5206
-0.172555 -0.120244 0.977633 1323.08
0 0 0 1

0.921427 0.317957 0.22333 -183.492
-0.336851 0.94016 0.0512728 -19.5772
-0.193664 -0.122474 0.973394 1329.9
0 0 0 1

0.918799 0.312088 0.241682 -207.682
-0.333773 0.941127 0.0535986 -22.7646
-0.210726 -0.129914 0.968875 1336.6
0 0 0 1

0.917125 0.306356 0.255005 -225.413
-0.331011 0.941776 0.0590512 -29.986
-0.222068 -0.138568 0.965136 1341.71
0 0 0 1

0.915747 0.301929 0.26504 -238.834
-0.329671 0.941771 0.0662025 -39.3115
-0.22962 -0.148001 0.961963 1345.7
0 0 0 1

0.914617 0.299183 0.271962 -248.148
-0.329652 0.941263 0.0731489 -48.2448
-0.234105 -0.156556 0.959524 1348.48
0 0 0 1

0.914683 0.29425 0.277071 -255.253
-0.32736 0.941427 0.080891 -58.4373
-0.237042 -0.164691 0.957438 1350.69
0 0 0 1

0.915699 0.28923 0.278994 -258.303
-0.32471 0.941552 0.0896366 -70.0051
-0.236764 -0.172671 0.9561 1351.63
0 0 0 1

0.91917 0.281792 0.275164 -254.152
-0.318775 0.942584 0.099551 -83.4293
-0.231314 -0.179219 0.956229 1350.2
0 0 0 1

0.922589 0.277827 0.267652 -245.113
-0.315616 0.94254 0.109536 -96.6495
-0.221843 -0.185532 0.957269 1347.18
0 0 0 1

0.925949 0.277185 0.256481 -231.201
-0.314459 0.942003 0.117207 -106.686
-0.20912 -0.189181 0.959416 1342.5
0 0 0 1

0.930173 0.275634 0.242489 -213.718
-0.311365 0.942251 0.123324 -114.907
-0.194495 -0.190215 0.962284 1336.78
0 0 0 1

0.935173 0.275452 0.22265 -188.66
-0.308629 0.942157 0.130698 -124.739
-0.173773 -0.190942 0.966098 1329.2
0 0 0 1

0.941202 0.274563 0.196848 -155.937
-0.303582 0.943016 0.136214 -132.376
-0.148234 -0.187964 0.970926 1319.89
0 0 0 1

0.945563 0.277737 0.169611 -121.047
-0.302997 0.941513 0.14744 -147.04
-0.118745 -0.190806 0.97442 1311.81
0 0 0 1

0.950352 0.279274 0.137228 -79.5409
-0.299402 0.940821 0.158764 -162.127
-0.0847712 -0.191969 0.977733 1303.52
0 0 0 1

0.955274 0.277437 0.102349 -34.8796
-0.291537 0.941546 0.168782 -175.931
-0.0495426 -0.191072 0.980325 1296.1
0 0 0 1

0.957884 0.279131 0.0673792 10.2569
-0.286839 0.941063 0.179203 -189.965
-0.013389 -0.190984 0.981502 1290.4
0 0 0 1

0.959624 0.279634 0.0303732 58.1015
-0.280216 0.940995 0.189726 -204.322
0.024471 -0.190577 0.981366 1286.25
0 0 0 1

0.959987 0.279857 -0.0100458 110.493
-0.272476 0.941725 0.197221 -214.849
0.0646529 -0.186594 0.980306 1283.14
0 0 0 1

0.957269 0.285319 -0.0471802 159.107
-0.270082 0.940338 0.206894 -227.668
0.103395 -0.185312 0.977224 1282.76
0 0 0 1

0.949105 0.30323 -0.0851472 209.673
-0.279338 0.935296 0.21721 -240.106
0.145502 -0.182371 0.972403 1284.32
0 0 0 1

0.943073 0.308279 -0.124811 261.921
-0.276353 0.935136 0.221676 -246.241
0.185053 -0.174566 0.9671 1286.9
0 0 0 1

0.9381 0.309575 -0.155341 302.1
-0.270812 0.935168 0.228279 -255.412
0.215939 -0.172082 0.961123 1291.11
0 0 0 1

0.932938 0.310224 -0.182721 338.157
-0.266122 0.935993 0.230396 -258.643
0.242501 -0.166321 0.955787 1294.98
0 0 0 1

0.928247 0.309511 -0.206298 369.198
-0.262113 0.9378 0.227631 -255.444
0.263921 -0.157227 0.951643 1297.93
0 0 0 1

0.925771 0.306729 -0.221053 388.521
-0.258555 0.940186 0.221784 -248.175
0.275859 -0.148169 0.949708 1298.99
0 0 0 1

0.922584 0.305879 -0.235109 407.045
-0.257691 0.942107 0.214518 -238.811
0.287115 -0.137327 0.948001 1299.86
0 0 0 1

0.920876 0.306037 -0.24151 415.52
-0.257553 0.942614 0.212441 -236.135
0.292666 -0.133433 0.946859 1300.41
0 0 0 1

0.918851 0.305432 -0.249844 426.527
-0.257748 0.943967 0.206096 -227.854
0.298794 -0.124978 0.946097 1300.56
0 0 0 1

0.917204 0.305935 -0.255226 433.705
-0.259221 0.944695 0.20085 -220.898
0.302558 -0.118063 0.945789 1300.34
0 0 0 1

0.91612 0.305544 -0.259547 439.446
-0.261359 0.946094 0.191266 -208.209
0.303996 -0.107391 0.9466 1298.99
0 0 0 1

0.915374 0.305695 -0.261991 442.747
-0.26428 0.94715 0.181794 -195.623
0.303719 -0.0971742 0.947792 1297.33
0 0 0 1

0.914881 0.306232 -0.263086 444.323
-0.268023 0.948024 0.171466 -181.84
0.30192 -0.0863628 0.949412 1295.25
0 0 0 1

0.91526 0.304656 -0.263598 445.02
-0.270898 0.949706 0.157038 -162.823
0.298183 -0.0723272 0.951764 1292.51
0 0 0 1

0.915449 0.30464 -0.262959 444.267
-0.275568 0.950719 0.142082 -142.959
0.293283 -0.0576108 0.954288 1289.66
0 0 0 1

0.915965 0.30307 -0.262976 444.292
-0.279566 0.952138 0.123567 -118.51
0.287837 -0.0396686 0.956857 1286.88
0 0 0 1

0.916493 0.302395 -0.261911 442.96
-0.284428 0.952932 0.104951 -93.8801
0.281319 -0.0216965 0.959368 1284.25
0 0 0 1

0.917719 0.298204 -0.262427 443.5
-0.287636 0.954495 0.0787502 -59.5687
0.273967 0.00320815 0.961734 1282.04
0 0 0 1

0.91968 0.295305 -0.258815 438.652
-0.290186 0.955167 0.0586881 -33.2774
0.26454 0.0211252 0.964143 1279.83
0 0 0 1

0.920039 0.294436 -0.25853 438.333
-0.296821 0.954438 0.030695 3.66834
0.255786 0.0484914 0.965517 1279.08
0 0 0 1

0.919074 0.296896 -0.259148 439.428
-0.307582 0.951521 -0.000722815 45.4292
0.246367 0.0803683 0.965839 1279.8
0 0 0 1

0.918664 0.295521 -0.262153 443.493
-0.317056 0.947428 -0.0430357 101.136
0.23565 0.122647 0.964068 1283.61
0 0 0 1

0.915621 0.296035 -0.272033 456.775
-0.33103 0.939099 -0.0922316 166.095
0.22816 0.174496 0.957859 1293.03
0 0 0 1

0.914911 0.295558 -0.274926 460.804
-0.341175 0.930199 -0.13537 222.868
0.215723 0.217645 0.95189 1302.41
0 0 0 1

0.914999 0.294989 -0.275243 461.432
-0.349018 0.920967 -0.173215 272.585
0.202391 0.254552 0.945643 1312.08
0 0 0 1

0.915425 0.29778 -0.270785 455.909
-0.356563 0.912082 -0.202401 311.115
0.186704 0.281831 0.941122 1319.56
0 0 0 1

0.915637 0.295395 -0.272673 458.465
-0.362392 0.900115 -0.241788 362.573
0.174012 0.3202 0.93123 1334.06
0 0 0 1

0.916287 0.293853 -0.272152 457.852
-0.365678 0.890973 -0.269149 398.269
0.163388 0.346133 0.923847 1344.86
0 0 0 1

0.91665 0.292407 -0.272487 458.361
-0.368559 0.882154 -0.29319 429.634
0.154643 0.369175 0.916401 1355.54
0 0 0 1

0.917027 0.290514 -0.273243 459.365
-0.370783 0.873377 -0.315797 459.124
0.146899 0.390903 0.908632 1366.5
0 0 0 1

0.918022 0.286696 -0.273933 460.153
-0.371565 0.863197 -0.341796 492.834
0.138465 0.415555 0.898964 1380.07
0 0 0 1

0.918974 0.282861 -0.274726 461.084
-0.373106 0.849181 -0.373734 534.203
0.127576 0.445948 0.885917 1398.4
0 0 0 1

0.920372 0.278792 -0.274205 460.271
-0.373153 0.835814 -0.402697 571.641
0.116914 0.472946 0.873297 1416.06
0 0 0 1

0.92219 0.273138 -0.273786 459.493
-0.372042 0.819843 -0.435242 613.517
0.105579 0.50323 0.857675 1437.73
0 0 0 1

0.923258 0.266628 -0.276589 462.946
-0.371743 0.801701 -0.468054 655.84
0.0969438 0.534949 0.839299 1462.67
0 0 0 1

0.924731 0.259859 -0.278105 464.683
-0.370044 0.784812 -0.497121 693.261
0.089077 0.562608 0.821905 1486.15
0 0 0 1

0.925529 0.252693 -0.282024 469.6
-0.369327 0.766802 -0.524981 729.219
0.0835957 0.590038 0.803029 1511.28
0 0 0 1

0.925607 0.247923 -0.285976 474.701
-0.370483 0.748006 -0.550657 762.541
0.0773891 0.615634 0.784215 1536.37
0 0 0 1

0.925909 0.241537 -0.29043 480.391
-0.370926 0.726756 -0.578129 798.096
0.0714302 0.643016 0.762506 1565.2
0 0 0 1

0.926298 0.237988 -0.292114 482.559
-0.371278 0.708601 -0.600025 826.544
0.0641919 0.66425 0.744739 1588.92
0 0 0 1

0.925876 0.234008 -0.296633 488.48
-0.373308 0.6876 -0.622768 856.199
0.0582303 0.687334 0.723993 1616.45
0 0 0 1

0.926575 0.229537 -0.297937 490.12
-0.372556 0.668682 -0.643474 883.004
0.0515226 0.707218 0.705103 1641.56
0 0 0 1

0.927048 0.226933 -0.298461 490.837
-0.372379 0.650059 -0.662382 907.562
0.0436991 0.725194 0.687145 1665.55
0 0 0 1

0.927427 0.221974 -0.301006 494.101
-0.372055 0.629525 -0.682105 933.123
0.0380796 0.744587 0.666428 1692.96
0 0 0 1

0.927583 0.217597 -0.303708 497.6
-0.372222 0.608256 -0.701047 957.722
0.0321842 0.76332 0.645206 1721.04
0 0 0 1

0.927098 0.211956 -0.30913 504.677
-0.373627 0.58816 -0.717261 978.938
0.0297893 0.780464 0.624478 1748.13
0 0 0 1

0.927485 0.210678 -0.308841 504.374
-0.373152 0.572249 -0.730261 995.897
0.0228826 0.792544 0.609371 1768.29
0 0 0 1

0.925675 0.204628 -0.318199 516.671
-0.377603 0.551297 -0.743963 1014.12
0.0231852 0.808814 0.587592 1796.49
0 0 0 1

0.923765 0.201496 -0.32566 526.585
-0.382337 0.533483 -0.754458 1028.33
0.021712 0.821447 0.569855 1819.55
0 0 0 1

0.921334 0.197059 -0.335125 539.145
-0.388216 0.512165 -0.766138 1044.1
0.0206628 0.835964 0.548379 1847.48
0 0 0 1

0.917995 0.193133 -0.346384 554.12
-0.396055 0.491583 -0.775551 1057.16
0.0204908 0.849133 0.527764 1874.19
0 0 0 1

0.914114 0.191122 -0.357583 569.133
-0.405043 0.47002 -0.784229 1069.37
0.0181866 0.861706 0.507066 1901.26
0 0 0 1

0.90951 0.184948 -0.372268 588.636
-0.41527 0.443848 -0.794068 1083.09
0.0183677 0.876799 0.480489 1935.74
0 0 0 1

0.904326 0.174774 -0.389417 611.312
-0.426361 0.412892 -0.804818 1098
0.0201244 0.893845 0.447907 1977.96
0 0 0 1

0.898526 0.168681 -0.405211 632.393
-0.438404 0.389455 -0.810015 1105.97
0.0211763 0.90546 0.423886 2009.01
0 0 0 1

0.894211 0.205809 -0.397526 623.873
-0.447438 0.437607 -0.779934 1069.45
0.0134412 0.875289 0.4834 1931.35
0 0 0 1

0.886858 0.150175 -0.436954 674.663
-0.461409 0.337118 -0.820641 1122.03
0.0240643 0.929403 0.368267 2080.85
0 0 0 1

0.881537 0.142459 -0.450108 692.259
-0.471582 0.3108 -0.825235 1129.04
0.0223303 0.939733 0.341162 2116.14
0 0 0 1

0.877071 0.132595 -0.461693 707.728
-0.479827 0.286779 -0.829169 1135.08
0.0224596 0.94877 0.315147 2149.79
0 0 0 1

0.874491 0.129517 -0.467427 715.581
-0.484762 0.265693 -0.833314 1141.16
0.0162632 0.955312 0.29513 2176.3
0 0 0 1

0.871973 0.130713 -0.471778 721.732
-0.489483 0.248359 -0.835896 1145.31
0.00790712 0.959803 0.280543 2195.95
0 0 0 1

0.869433 0.130776 -0.476426 728.189
-0.494045 0.230753 -0.838255 1149.11
0.000312408 0.964178 0.265232 2216.51
0 0 0 1

0.867626 0.128025 -0.480451 733.696
-0.49718 0.212541 -0.841212 1153.57
-0.00558176 0.968724 0.248056 2239.25
0 0 0 1

0.867241 0.126916 -0.48144 735.19
-0.497561 0.186092 -0.847233 1161.59
-0.0179362 0.974297 0.224533 2270.87
0 0 0 1

0.870293 0.125813 -0.476192 728.306
-0.491545 0.160809 -0.855876 1172.52
-0.0311056 0.978928 0.201792 2301.61
0 0 0 1

0.877675 0.104918 -0.467628 716.234
-0.478779 0.148717 -0.865248 1183.96
-0.0212367 0.983293 0.180755 2327.68
0 0 0 1

0.879739 0.0713684 -0.470066 718.855
-0.475399 0.146403 -0.867503 1187.45
0.00690591 0.986642 0.162722 2347.86
0 0 0 1

0.867134 0.0307359 -0.497124 754.946
-0.493566 0.186939 -0.849381 1167.59
0.0668244 0.981886 0.177269 2322.46
0 0 0 1

0.818744 -0.0765019 -0.569038 851.852
-0.543471 0.216391 -0.811058 1124.36
0.185181 0.973301 0.135589 2363.15
0 0 0 1

0.639993 -0.308588 -0.703692 1043.05
-0.567875 0.426971 -0.703716 992.555
0.517613 0.849978 0.0980155 2372.95
0 0 0 1

0.610007 -0.329064 -0.720838 1069.13
-0.568969 0.451252 -0.687493 972.531
0.551508 0.829507 0.0880369 2381.3
0 0 0 1

0.54916 -0.386463 -0.740992 1101.99
-0.539545 0.513155 -0.667506 944.965
0.638208 0.766362 0.0732868 2389.23
0 0 0 1


0
0
0

0
0
0

0
0
0

0
0
0

0
0
0

0
0
0

0
0
0

0
0
0

0
0
0

0
0
0

0
0
0

0
0
0

0
0
0

0
0
0

0
0
0

0
0
0

0
0
0

0
0
0

0
0
0

0
0
0

0
0
0

0
0
0

0
0
0

0
0
0

0
0
0

0
0
0

0
0
0

0
0
0

0
0
0

0
0
0

0
0
0

0
0
0

0
0
0

0
0
0

0
0
0

0
0
0

0
0
0

0
0
0

0
0
0

0
0
0

0
0
0

0
0
0

0
0
0

0
0
0

0
0
0

0
0
0

0
0
0

0
0
0

0
0
0

0
0
0

0
0
0

0
0
0

0
0
0

0
0
0

0
0
0

0
0
0

0
0
0

0
0
0

0
0
0

0
0
0

0
0
0

0
0
0

0
0
0

0
0
0

0
0
0

0
0
0

0
0
0

0
0
0

0
0
0

0
0
0

0
0
0

0
0
0

0
0
0

0
0
0

0
0
0

0
0
0

0
0
0

0
0
0

0
0
0

0
0
0

0
0
0

0
0
0

0
0
0

0
0
0

0
0
0

0
0
0

0
0
0

0
0
0

0
0
0

0
0
0

0
0
0

0
0
0

0
0
0

0
0
0

0
0
0

0
0
0

0
0
0

0
0
0

0
0
0

0
0
0

0
0
0

0
0
0

0
0
0

0
0
0

0
0
0

0
0
0

0
0
0

0
0
0

0
0
0

0
0
0

0
0
0

0
0
0

0
0
0

0
0
0

0
0
0

0
0
0

0
0
0

0
0
0

0
0
0

0
0
0

0
0
0

0
0
0

0
0
0

0
0
0

0
0
0

0
0
0

0
0
0

0
0
0

0
0
0

0
0
0

0
0
0

0
0
0

0
0
0

0
0
0

0
0
0

0
0
0

0
0
0

0
0
0

0
0
0

0
0
0

0
0
0

0
0
0

0
0
0

0
0
0

0
0
0

0
0
0

0
0
0

0
0
0

0
0
0

0
0
0

0
0
0

0
0
0

0
0
0

0
0
0

0
0
0

0
0
0

0
0
0

0
0
0

0
0
0

0
0
0

0
0
0

0
0
0

0
0
0

0
0
0

0
0
0

0
0
0

0
0
0

0
0
0

0
0
0

0
0
0

0
0
0

0
0
0

0
0
0

0
0
0

0
0
0

0
0
0

0
0
0

0
0
0

0
0
0

0
0
0

0
0
0

0
0
0

0
0
0

0
0
0

0
0
0

0
0
0

0
0
0

0
0
0

0
0
0

0
0
0

0
0
0

0
0
0

0
0
0

0
0
0

0
0
0

0
0
0

0
0
0

0
0
0

0
0
0

0
0
0

0
0
0

0
0
0

0
0
0

0
0
0

0
0
0

0
0
0

0
0
0

0
0
0

0
0
0

0
0
0

0
0
0

0
0
0

0
0
0

0
0
0

0
0
0

0
0
0

0
0
0

0
0
0

0
0
0

0
0
0

0
0
0

0
0
0

0
0
0

0
0
0

0
0
0

0
0
0

0
0
0

0
0
0

0
0
0

0
0
0

0
0
0

0
0
0

0
0
0

0
0
0

0
0
0

0
0
0

0
0
0

0
0
0

0
0
0

0
0
0

0
0
0

0
0
0

0
0
0

0
0
0

0
0
0

0
0
0

0
0
0

0
0
0

0
0
0

0
0
0

0
0
0

0
0
0

0
0
0

0
0
0

0
0
0

0
0
0

0
0
0

0
0
0

0
0
0

0
0
0

0
0
0

0
0
0

0
0
0

0
0
0

0
0
0

0
0
0

0
0
0

0
0
0

0
0
0

0
0
0

0
0
0

0
0
0

0
0
0

0
0
0

0
0
0

0
0
0

0
0
0

0
0
0

0
0
0
